row=1:
[ 2.07154705e+01  4.74884093e+00  3.25963235e+00  2.13841671e+00
  8.84633558e-01  1.90336455e-01  3.96702430e-01  4.77374709e-01
  1.46654226e-07 -5.84809095e-08]
row=2:
[2.65368699e+01 7.69888308e+00 5.83839502e+00 4.68947337e+00
 2.71661849e+00 2.00848230e+00 1.42004359e+00 1.16073525e-03
 1.15201572e-01 6.29346921e-01]
row=3:
[ 1.38017641e+01  3.53066652e+00  2.30224833e+00  7.31567463e-01
  5.09835626e-01  2.64988712e-07 -2.09629366e-07 -8.52783023e-08
  3.16913232e-08  1.20764907e-08]
row=4:
[ 1.91085721e+01  2.86249620e+00  1.40509409e+00  4.71884488e-01
  1.34699210e-01 -2.96268110e-07 -6.58326829e-08  8.60208615e-08
  4.81270045e-08 -9.59247367e-10]
row=5:
[ 2.70153321e+01  6.30284983e+00  4.28759398e+00  2.50498565e+00
  1.50514804e+00  1.15936953e+00 -1.23481638e-07  1.09043832e-01
  4.57712986e-01  3.62442485e-01]
row=6:
[30.67360344  6.06171951  5.21559217  2.54933376  1.69665455  1.1531845
  0.03791699  0.1054599   0.60400479  0.35908295]
row=7:
[ 1.43971382e+01  3.13321990e+00  1.43860319e+00  1.13406720e+00
  8.52466847e-02 -1.92924328e-07 -5.34624137e-08  2.99680936e-08
  5.07019666e-08  7.84083884e-08]
row=8:
[2.73196886e+01 5.62251397e+00 3.74805973e+00 1.93268756e+00
 1.08482822e+00 4.43641090e-01 2.76518191e-01 7.35724296e-02
 7.48981921e-08 4.50923290e-03]
row=9:
[2.62512293e+01 7.38141379e+00 3.42241119e+00 2.47234556e+00
 1.86194358e+00 7.62343159e-01 3.25553576e-01 6.86308350e-02
 6.04273417e-03 1.19857162e-07]
row=10:
[2.33856272e+01 5.36874067e+00 2.88487407e+00 1.54323949e+00
 1.16858299e+00 5.29038762e-01 2.82244244e-01 5.84966745e-02
 4.82480560e-08 1.24943266e-08]
row=11:
[ 1.27506619e+01  3.22192219e+00  9.77180506e-01  4.75521375e-01
 -1.80430174e-07  1.18557507e-07  9.56477521e-08 -7.44316794e-08
 -2.14694355e-08 -3.00392189e-08]
row=12:
[2.98787361e+01 3.78193816e+00 3.69754681e+00 2.91562830e+00
 2.28435925e+00 7.57032509e-01 3.52690131e-01 1.43563932e-01
 2.54556138e-02 4.76343809e-02]
row=13:
[ 1.42367211e+01  4.28103552e+00  2.41652355e+00  1.09609677e+00
  7.16580395e-01  1.36318763e-07 -1.12988332e-07 -5.78264804e-08
  1.11616736e-09  4.94703922e-08]
row=14:
[2.87683002e+01 5.40620387e+00 2.11968385e+00 1.87015315e+00
 1.44364395e+00 8.31937690e-01 5.22175916e-01 3.11249822e-01
 3.53717743e-03 1.12781431e-02]
row=15:
[2.92182749e+01 3.83882704e+00 3.26390953e+00 2.33868362e+00
 1.77609934e+00 1.02272727e+00 2.13445251e-02 1.38535727e-01
 6.08160298e-01 4.86166688e-01]
row=16:
[2.97306838e+01 5.77082002e+00 4.20911210e+00 2.45741687e+00
 1.79576003e+00 1.21977257e+00 4.22118983e-01 1.41158962e-01
 5.48448118e-02 9.65025859e-03]
row=17:
[ 1.73826811e+01  2.13757300e+00  1.20048494e+00  5.77415808e-01
  2.35918714e-01 -3.09264369e-07  9.90536716e-08  6.49203461e-08
  2.19935775e-09 -4.54621624e-08]
row=18:
[2.72651449e+01 6.48516804e+00 3.56246675e+00 2.90296057e+00
 2.57492548e+00 1.24977158e+00 7.55360645e-01 1.95013881e-03
 1.51510614e-01 3.86002429e-01]
row=19:
[ 1.43399656e+01  3.83214757e+00  2.35500846e+00  1.38782332e+00
  8.42300755e-01 -1.91794509e-07 -1.40920751e-07 -6.51814840e-09
  1.27266418e-07  7.69564844e-08]
row=20:
[ 1.92738095e+01  3.30240856e+00  2.20269945e+00  2.50733449e-01
  7.59439810e-01  7.41598706e-01 -2.72439503e-07  2.67883428e-07
  8.09881195e-08 -3.69302927e-08]
row=21:
[ 2.14635890e+01  4.18114252e+00  2.13627318e+00  4.43413202e-01
  1.01170861e+00  1.04749708e+00  5.35449852e-08 -3.12190272e-07
 -2.23220641e-07 -1.18597865e-07]
row=22:
[ 1.55286641e+01  2.92180709e+00  1.65309567e+00  5.67557725e-01
  8.11546270e-01 -2.18956555e-07  1.50609835e-07 -9.25198768e-08
 -3.96536631e-08  5.31638197e-08]
row=23:
[ 2.24808186e+01  5.74194275e+00  1.39976148e+00  1.16305182e+00
  7.67801192e-01  6.51975325e-01  3.05201483e-01  2.26812986e-02
 -5.86967114e-08  6.08498353e-08]
row=24:
[3.75236102e+01 4.80917587e+00 2.91326297e+00 1.45609963e+00
 9.26722598e-01 5.84905262e-01 1.35741774e-02 1.07281673e-01
 2.44881294e-01 2.91087124e-01]
row=25:
[ 2.08429145e+01  6.22274453e+00  2.80306932e+00  1.54493692e+00
  1.20734233e+00  6.50932927e-01  1.58255890e-01  4.57513021e-01
  3.01540631e-08 -3.92084874e-09]
row=26:
[ 2.22871202e+01  4.39221419e+00  1.71065831e+00  1.10178018e+00
  6.41375484e-01  4.62041842e-01  3.24749390e-02  2.02276829e-07
 -1.15138717e-07 -1.60476448e-07]
row=27:
[ 2.07146001e+01  3.35968947e+00  1.69835344e+00  1.13561045e+00
  6.08806963e-01  1.98127813e-01  2.27481824e-07  9.78492662e-08
 -9.80631855e-09 -9.68905023e-08]
row=28:
[2.17683484e+01 5.46998959e+00 1.90910726e+00 1.32551205e+00
 8.69585071e-01 5.37711719e-01 1.05142731e-01 2.18623747e-02
 1.85414583e-08 1.21052823e-07]
row=29:
[ 1.83316006e+01  3.20628020e+00  2.00471963e+00  1.69399693e+00
  4.12280266e-01  2.40401390e-01  1.41964781e-07 -1.86802359e-07
 -1.09280377e-07 -4.04506954e-09]
row=30:
[ 1.95053891e+01  2.76840826e+00  1.35543548e+00  9.47694132e-01
  2.80029008e-01 -1.81436615e-07  8.56121220e-08  9.44847386e-08
  6.23778406e-09 -3.81280592e-08]
row=31:
[2.72192247e+01 6.77290771e+00 3.22409471e+00 3.01116064e+00
 1.67815533e+00 1.55771448e+00 6.71716110e-01 2.64226084e-01
 6.41153505e-03 7.12301274e-02]
row=32:
[ 1.85445799e+01  3.97549840e+00  2.90063211e+00  1.52026232e+00
  5.81951850e-01  1.95870637e-01  1.06669930e-07 -5.17250263e-08
  7.91161913e-09  2.31980872e-09]
row=33:
[3.02160042e+01 5.35586587e+00 3.37531137e+00 2.33082446e+00
 1.60236485e+00 1.19843631e-03 4.23188730e-02 1.61615657e-01
 7.24196144e-01 6.83867127e-01]
row=34:
[ 1.58258729e+01  3.59768026e+00  9.73561745e-01  3.08931443e-01
 -3.95665360e-07  1.94641175e-07 -6.54917067e-08  3.28207308e-08
 -1.80121614e-09 -3.52320469e-08]
row=35:
[3.12978822e+01 3.92970535e+00 3.77759856e+00 2.73289305e+00
 2.30870687e+00 1.39649567e+00 1.06794363e+00 4.81829903e-01
 1.58465513e-03 6.33458859e-02]
row=36:
[ 1.07551799e+01  3.04007784e+00  2.39707103e+00  1.63229030e+00
 -2.13299470e-07  1.34216135e-07 -5.20531687e-08  4.73855587e-08
  7.61077499e-09 -4.52110255e-09]
row=37:
[ 2.59021681e+01  3.88874005e+00  3.20760116e+00  1.47709500e+00
  1.10068904e+00  2.05206330e-01  1.73924189e-01  6.17037798e-02
  4.50433480e-07 -1.90039080e-09]
row=38:
[ 1.65198164e+01  6.09080852e+00  1.93307751e+00  8.47232282e-01
  3.27638771e-01  1.21246758e-01  2.38078310e-07 -1.88500771e-07
 -4.75787026e-08  6.14415921e-09]
row=39:
[2.75766471e+01 5.28652404e+00 3.53508257e+00 2.64317698e+00
 1.56930022e+00 1.36055309e+00 3.66246705e-01 1.11314104e-01
 1.73608753e-07 3.13088623e-02]
row=40:
[ 1.50688829e+01  2.57585494e+00  1.48358766e+00  6.94523416e-01
  2.17524097e-01 -1.01429277e-07  6.28519196e-08 -1.92921423e-08
 -6.68532070e-10  2.58091022e-08]
row=41:
[ 2.13184021e+01  5.39045001e+00  2.92598084e+00  1.55615351e+00
  5.75973960e-01  4.70211216e-01  2.67572089e-01 -1.63850957e-07
  1.83365650e-08  7.04163058e-08]
row=42:
[ 1.48345082e+01  4.00471393e+00  1.00519105e+00  4.73994241e-01
  1.74900860e-01 -7.84293209e-08  1.01740226e-07  6.60311075e-08
 -1.27842039e-08  2.94978000e-08]
row=43:
[ 1.61059548e+01  4.55026777e+00  2.25998197e+00  1.33420253e+00
  2.35761372e-01  2.64602886e-07 -8.66465710e-08  3.39021088e-08
 -2.82765894e-08 -5.69823549e-09]
row=44:
[2.77399230e+01 5.04671473e+00 3.94699753e+00 3.62200218e+00
 1.39404051e+00 1.04460843e+00 7.25363662e-01 1.10240254e-04
 1.88629285e-01 1.13214172e-01]
row=45:
[33.49433592  5.81567709  4.85604091  2.71780427  2.0561747   1.03169946
  0.48380369  0.21783425  0.06422491  0.13232815]
row=46:
[3.11730818e+01 4.49210461e+00 3.15439740e+00 1.64056435e+00
 1.14955862e+00 8.62792001e-01 1.27245515e-02 7.65111376e-02
 3.56546809e-01 2.24253526e-01]
row=47:
[ 2.60556161e+01  3.73000221e+00  2.92410504e+00  1.16878717e+00
  8.30513893e-01  5.93968989e-01  1.53903799e-01  1.03874141e-01
  1.45699951e-08 -1.06391308e-07]
row=48:
[ 2.97413634e+01  6.50797930e+00  3.64134465e+00  1.53959234e+00
  8.06685224e-01  6.53730947e-01  3.10547186e-01  9.49002911e-02
 -2.12919558e-07  2.82172869e-02]
row=49:
[ 2.20257388e+01  6.55944494e+00  3.87706694e+00  3.29950006e+00
  1.02108445e+00  3.61407540e-01  2.04668803e-01  4.43690031e-03
 -1.40320607e-07 -8.72323256e-09]
row=50:
[2.83789802e+01 6.02579006e+00 3.59244915e+00 2.77381184e+00
 2.45034032e+00 1.11917935e+00 5.78988373e-01 1.89106920e-03
 5.82452024e-02 2.51274351e-01]
row=51:
[2.90557229e+01 5.54336210e+00 4.55615728e+00 2.52355935e+00
 2.17703087e+00 1.35075955e+00 9.67737381e-01 3.80577797e-01
 2.96270114e-03 7.00034615e-02]
row=52:
[ 1.80304959e+01  2.82195316e+00  2.11318298e+00  1.26081851e+00
  4.23376363e-01  1.14636610e-01 -5.15141028e-08  2.02594751e-07
  1.56086648e-07  2.95188800e-08]
row=53:
[ 1.38035732e+01  2.03444764e+00  1.44450046e+00  6.40906616e-01
 -2.11462646e-07  1.55790990e-07  7.38265522e-08 -5.95935839e-08
 -1.75082912e-08  1.00929370e-08]
row=54:
[27.69667072  8.36344865  4.09646954  2.76483161  1.83056919  1.11889729
  0.88530774  0.27160218  0.11014028  0.08430242]
row=55:
[ 1.53730224e+01  2.50647354e+00  1.95970181e+00  5.53954199e-01
  1.08839832e+00 -1.64443136e-07  5.88804937e-08 -2.36680123e-08
  1.85054323e-08  8.80627548e-10]
row=56:
[ 2.07256231e+01  2.25467959e+00  1.87059633e+00  7.20155521e-01
  5.76672680e-01  1.36889424e-01 -1.45603002e-07  1.32224398e-07
 -3.54973432e-08  2.07635214e-08]
row=57:
[2.55731574e+01 6.78128554e+00 3.54686126e+00 2.38602882e+00
 2.18318840e+00 1.74886002e+00 1.88936712e-03 1.63488486e-01
 3.83746188e-01 5.81256063e-01]
row=58:
[ 2.06468522e+01  4.32701706e+00  1.56648215e+00  7.75184135e-01
  6.58736077e-01  2.06314910e-01  9.42776744e-02 -1.52174909e-07
  1.70199308e-07 -1.05048587e-08]
row=59:
[2.74410610e+01 5.12816342e+00 3.26980673e+00 2.71846811e+00
 1.99941952e+00 4.77369681e-03 4.87889285e-02 3.51447390e-01
 7.71771110e-01 9.22009841e-01]
row=60:
[ 1.96488758e+01  3.50443132e+00  2.87073871e+00  1.56932223e+00
  6.89313398e-01  6.31706731e-01  1.58478737e-01  2.75029607e-07
  3.26734168e-08 -1.09176924e-07]
row=61:
[ 2.32035055e+01  6.32165409e+00  1.55495338e+00  1.10971141e+00
  8.06933301e-01  3.53006195e-01  2.98018742e-01  5.58158883e-02
  2.08725348e-08 -2.13478101e-07]
row=62:
[2.54998501e+01 6.97559661e+00 4.44208730e+00 3.11570547e+00
 2.02304954e+00 1.04316601e+00 4.46924196e-01 2.94339592e-01
 3.84487637e-03 1.81939076e-02]
row=63:
[ 1.71493572e+01  3.82843652e+00  1.28489846e+00  6.29310444e-01
  1.03178027e-01 -2.40312667e-07  6.70996708e-08 -6.15070590e-09
 -5.10042468e-08 -1.21987256e-07]
row=64:
[2.94225816e+01 4.63513280e+00 1.59431923e-02 6.37163103e-02
 2.61634468e-01 5.60423660e-01 1.32183528e+00 2.42226115e+00
 3.40418235e+00 3.17751271e+00]
row=65:
[2.12765266e+01 3.91233463e+00 3.11454769e+00 1.56574194e+00
 1.35536143e+00 6.81843438e-01 4.73693802e-01 9.38485187e-02
 2.73372464e-07 5.71719278e-08]
row=66:
[ 2.04981806e+01  7.08757520e+00  1.81406561e+00  2.12558611e+00
  2.79135706e-01  7.38285616e-01  5.39522226e-01  1.56734971e-07
 -1.35772110e-07 -8.49809652e-08]
row=67:
[ 2.76806904e+01  4.35007703e+00  2.16835367e+00  1.49921249e+00
  1.07798534e+00  4.59262101e-01  8.78836216e-02  3.33784022e-01
  2.31246815e-07 -3.48473530e-08]
row=68:
[ 2.68039081e+01  4.28379294e+00  2.86786023e+00  1.38561104e+00
  1.00785729e+00  3.05338845e-01  2.51353244e-01  6.03344643e-02
 -2.97493316e-07  1.55764770e-09]
row=69:
[ 1.43095695e+01  3.43902644e+00  2.49184622e+00  1.80736320e+00
  3.27086441e-01 -2.24927514e-07 -1.00355391e-07  1.15639181e-07
 -2.33898587e-08  2.62243633e-08]
row=70:
[ 2.02346213e+01  5.71035289e+00  1.92387817e+00  1.70629630e+00
  1.31667058e+00  1.67352545e-01  9.90781068e-02  2.26619771e-07
 -2.07321872e-08  2.01780935e-08]
row=71:
[2.92493266e+01 6.96231074e+00 4.68518416e+00 2.83804422e+00
 1.67165762e+00 7.71745806e-01 8.35332485e-01 1.39967504e-02
 2.43419271e-01 1.08758065e-01]
row=72:
[ 1.99379672e+01  5.57031175e+00  1.29542908e+00  8.13449127e-01
  9.57402464e-01  1.89933285e-01  6.22056062e-02  1.27972168e-07
 -2.89994918e-08  4.01510675e-08]
row=73:
[2.46961239e+01 5.35229736e+00 5.57235142e+00 4.61620982e+00
 2.18844975e+00 1.55466684e+00 1.19012136e+00 7.35244906e-02
 4.05458724e-03 3.45877767e-01]
row=74:
[ 2.16376352e+01  5.12747266e+00  2.43917409e+00  1.60540537e+00
  1.04662882e+00  4.52219994e-01  2.21112114e-01 -3.93623564e-07
  2.04984943e-07 -1.85019728e-08]
row=75:
[28.2725472   6.27313395  4.47891493  3.27448588  2.80003914  1.2951595
  0.95903183  0.40290805  0.08149656  0.1451154 ]
row=76:
[ 1.67484474e+01  2.42604110e+00  1.45847936e+00  1.32390736e+00
  2.90548655e-01 -1.25470582e-07 -5.73118357e-08  8.69028314e-08
 -3.03755317e-09  3.18122460e-08]
row=77:
[3.12404400e+01 7.49441702e+00 4.06856264e+00 2.62174904e+00
 1.25895145e+00 1.16611853e+00 4.51074517e-01 1.22166492e-02
 3.31441739e-02 2.20823880e-01]
row=78:
[ 1.86106043e+01  3.92136969e+00  2.27045100e+00  6.44075560e-01
  3.15231297e-01  4.67422620e-02 -3.13040577e-07 -8.73372296e-08
 -2.36870430e-08  4.59161878e-08]
row=79:
[2.70266658e+01 7.25862484e+00 5.48316035e+00 3.62052804e+00
 2.13759603e+00 1.35917733e+00 4.70823872e-01 4.72809199e-04
 4.97521705e-02 2.73835060e-01]
row=80:
[ 1.70113341e+01  4.37296897e+00  2.23237667e+00  1.82474768e+00
  9.88192649e-01  6.94733818e-01  1.56961486e-07 -1.99748778e-07
 -3.74883094e-08 -1.55312027e-08]
row=81:
[ 1.46011100e+01  2.96670717e+00  1.49189468e+00  2.82023589e-01
  3.47939987e-07 -1.73647728e-07 -6.64845416e-08 -3.55533630e-08
  4.73005681e-08  4.45224431e-08]
row=82:
[ 1.60061819e+01  4.93129738e+00  2.64592335e+00  1.48891400e+00
  9.07212448e-01  4.83542451e-01 -3.55044919e-07  7.45284678e-08
 -1.22858619e-07 -4.57277726e-08]
row=83:
[2.89676749e+01 5.87592012e+00 3.20130578e+00 2.21518922e+00
 1.52846592e+00 1.04531079e+00 2.07881644e-02 2.99101080e-01
 1.39414392e-01 1.89258867e-01]
row=84:
[ 2.25867709e+01  5.72239502e+00  2.33247053e+00  1.91071919e+00
  1.24297673e+00  7.71063298e-01  4.55617782e-01  1.16790117e-01
  6.66776733e-08 -2.11580152e-08]
row=85:
[ 1.40470116e+01  4.46171732e+00  2.82297168e+00  1.25956791e+00
  2.40787432e-01 -1.46964524e-07 -3.98849116e-08  3.36782925e-08
  1.36532170e-07  1.12629488e-07]
row=86:
[ 2.69025293e+01  6.44729251e+00  2.17256835e+00  1.60071027e+00
  1.16317870e+00  3.78499088e-01  1.80338185e-01  5.49501606e-02
 -4.31321765e-07 -2.74783914e-08]
row=87:
[2.59170504e+01 5.40303404e+00 3.82978101e+00 2.79916707e+00
 2.38423171e+00 5.74871369e-01 8.16743621e-07 4.04072117e-02
 2.35424195e-01 3.16725059e-01]
row=88:
[2.59576991e+01 7.42118876e+00 3.15452090e+00 1.84457508e+00
 1.14938693e+00 4.37187298e-01 4.05422803e-01 1.05324613e-01
 1.45189889e-07 3.82465959e-08]
row=89:
[ 2.41732885e+01  5.33564512e+00  2.86045705e+00  1.72523803e+00
  1.18378411e+00  6.55483194e-01  2.90250218e-01  1.32919863e-01
  8.24286527e-09 -1.79832837e-07]
row=90:
[3.41283049e+01 8.06139295e+00 4.51842200e+00 2.07315847e+00
 8.70745127e-01 4.12501949e-01 3.32995077e-01 4.44673865e-03
 7.18580066e-02 1.11305698e-01]
row=91:
[ 2.12553901e+01  3.65707007e+00  2.14028663e+00  1.73103768e+00
  7.00938188e-01  1.79562068e-01  5.20651870e-01 -7.96917224e-08
  5.62152416e-08  1.07531089e-07]
row=92:
[ 2.30222829e+01  7.57779764e+00  2.82169140e+00  1.72627861e+00
  1.29297358e+00  6.67334881e-01  1.76109191e-01  6.14073686e-02
  1.52287135e-07 -8.00180355e-08]
row=93:
[ 1.74195065e+01  2.33483565e+00  1.58238370e+00  6.67768734e-01
  3.42386505e-01  3.20006647e-08  1.32872625e-08 -4.20371024e-08
 -8.05320336e-08 -1.38609221e-07]
row=94:
[ 2.10104160e+01  3.73642468e+00  2.60074716e+00  2.44672174e+00
  1.36645999e+00  2.94552476e-01  7.12600444e-02 -2.82036546e-07
  1.99197000e-07  6.98484177e-08]
row=95:
[2.72065849e+01 6.47217043e+00 3.50995558e+00 2.35123609e+00
 7.82742029e-05 9.34498066e-02 4.32773817e-01 1.45552623e+00
 1.24925842e+00 9.41717753e-01]
row=96:
[ 2.29620280e+01  5.01636686e+00  2.73835168e+00  1.93936726e+00
  7.78912967e-01  3.31509337e-01  2.77958497e-01  1.19362563e-01
  1.98719038e-07 -4.30317539e-08]
row=97:
[2.65736832e+01 7.31106140e+00 4.27054386e+00 3.26933071e+00
 2.19172910e+00 1.29097609e+00 3.78599065e-03 6.57752185e-01
 4.74829725e-01 1.41482960e-01]
row=98:
[ 1.58262519e+01  1.09096088e+00  7.96528068e-01  3.67437869e-01
  2.91590960e-07  1.01116226e-07  3.38018047e-08 -5.21655491e-08
 -4.38160212e-08 -5.67816846e-09]
row=99:
[3.10473230e+01 5.58864379e+00 3.14511621e+00 2.67539300e+00
 2.96775195e-03 1.02001058e-01 4.60055135e-01 8.39992362e-01
 1.92883749e+00 1.56563486e+00]
row=100:
[ 1.71929454e+01  9.34937297e-01  7.37606543e-01  1.29058184e-01
 -2.55752021e-07  1.57376611e-07 -3.63767320e-08  1.16446491e-08
  4.56548963e-09 -3.57806471e-09]
row=101:
[ 2.02667924e+01  4.69882278e+00  2.78727470e+00  2.26042825e+00
  1.51934704e+00  3.21711343e-01  1.25045108e-01  3.11142798e-07
 -1.32124004e-07 -5.78468323e-08]
row=102:
[ 1.61702237e+01  4.12411205e+00  8.49328060e-01  4.45703517e-01
 -5.64383670e-07  4.25517957e-07  5.41836002e-08 -5.55664130e-09
 -9.53570727e-08 -7.62251926e-08]
row=103:
[ 1.94232236e+01  3.51289970e+00  1.81087721e+00  1.56855101e+00
  5.42646756e-01  2.77348568e-01  7.42909074e-02 -6.37940651e-08
  1.84617951e-08  9.58020536e-08]
row=104:
[ 2.22451926e+01  3.74164751e+00  3.22817451e+00  1.40533818e+00
  9.22160829e-01  5.63817791e-01  1.24884724e-01  7.28562263e-02
 -2.38953151e-07  1.55773326e-07]
row=105:
[ 1.47819824e+01  4.42228408e+00  1.65465254e+00  2.01947760e-01
  2.10422808e-01 -2.81839999e-07  1.18170398e-07  1.56854345e-08
 -2.99023207e-08 -5.69767731e-08]
row=106:
[ 1.89038684e+01  3.80888575e+00  2.52051637e+00  1.11820615e+00
  3.35487637e-01  2.14684983e-01  1.54424966e-07 -2.60736121e-07
 -1.54625166e-07 -2.29628880e-08]
row=107:
[2.57350348e+01 5.94870923e+00 4.10429209e+00 3.65900356e+00
 2.66921241e+00 1.73994751e+00 8.35558738e-03 9.36273298e-02
 5.93489352e-01 4.32008126e-01]
row=108:
[ 2.14746142e+01  4.18368724e+00  3.09335878e+00  2.99192980e+00
  1.23113409e+00  2.88563894e-01  1.16123273e-01 -3.22320476e-07
  1.84122930e-07  3.06091609e-07]
row=109:
[ 2.22510999e+01  4.23443903e+00  2.56136468e+00  1.85906760e+00
  8.09516616e-01  4.40776187e-01  1.76643651e-01  1.49246719e-01
 -5.74695884e-07  9.85143727e-08]
row=110:
[ 2.53320364e+01  5.78854976e+00  4.96997057e+00  2.54471508e+00
  2.47495994e+00  8.41015865e-01  5.36101907e-01  3.48059015e-01
 -4.91086728e-07  3.08352730e-02]
row=111:
[ 2.15671705e+01  5.29423725e+00  4.04419660e+00  1.35606412e+00
  7.29423555e-01  5.12770338e-01  8.82287606e-02 -2.90618550e-07
  1.90046508e-07  2.35950003e-08]
row=112:
[ 2.12148861e+01  5.63635855e+00  2.27183406e+00  1.80398186e+00
  9.83733128e-01  5.60209962e-01  8.74328880e-02 -6.24160834e-08
 -8.66303273e-08  1.19649853e-07]
row=113:
[ 2.36363155e+01  3.46328113e+00  2.39975892e+00  1.20099205e+00
  9.51203791e-01  5.22509470e-01  1.86455173e-01  1.21577514e-01
  2.03777160e-07 -1.27013116e-07]
row=114:
[ 1.43096538e+01  3.61712712e+00  2.48551531e+00  5.73822557e-01
  9.11283802e-01  1.39521578e-07 -1.50807538e-07 -7.82214217e-08
  5.22006968e-08  3.84922374e-08]
row=115:
[ 2.43920226e+01  3.25569808e+00  2.01327354e+00  1.22057201e+00
  4.42988898e-01  2.64072641e-01  8.76151281e-02  4.51137180e-07
 -6.76133841e-08  1.03005494e-07]
row=116:
[30.14763498  5.24804937  3.91350305  2.31641504  1.66604051  1.08409068
  0.43065482  0.24726688  0.05312638  0.10378874]
row=117:
[ 1.45922345e+01  2.03505599e+00  9.37563511e-01  2.37070303e-01
  3.26050031e-07  1.14222823e-07 -1.07900344e-07 -6.03693252e-08
 -1.04729800e-08  1.75903637e-09]
row=118:
[ 2.31648028e+01  6.86453425e+00  2.20134225e+00  1.41767203e+00
  1.59339020e+00  5.84724523e-01  1.97741323e-01  1.22822361e-01
 -2.58276064e-07  3.03817641e-08]
row=119:
[2.84588225e+01 5.08347925e+00 3.92012224e+00 3.22861161e+00
 6.06241633e-03 1.14178665e-01 3.00492775e-01 8.23372454e-01
 1.76778875e+00 1.57795792e+00]
row=120:
[ 1.12539182e+01  3.75729533e+00  2.38732690e+00  1.77977508e-01
 -1.93773899e-07 -7.69299814e-08  1.11071221e-07  6.80807736e-08
 -7.09008693e-09  2.50642916e-08]
row=121:
[ 2.73506515e+01  7.21019432e+00  2.62864242e+00  1.74717352e+00
  7.21995123e-01  6.29570112e-01  2.28076912e-01  1.35464877e-01
 -1.28952230e-08  8.10721025e-03]
row=122:
[3.11098879e+01 4.69717980e+00 2.87868593e+00 2.55007025e+00
 1.92432562e+00 1.28007547e+00 4.48836213e-01 1.45367268e-01
 1.98745353e-02 6.70226255e-02]
row=123:
[ 1.07152508e+01  2.49272830e+00  7.45840026e-01  1.07840113e+00
  1.60306562e-07 -1.42130808e-07 -7.93083924e-08 -4.51965495e-08
  3.64492352e-08  6.01553388e-08]
row=124:
[2.87064268e+01 6.14890956e+00 4.24281083e+00 3.31286305e+00
 2.56671878e+00 1.56244186e+00 1.32980793e-02 8.69527485e-02
 7.13313550e-01 5.39998955e-01]
row=125:
[ 9.79944242e+00  4.44055795e+00  1.25998088e+00  5.60174116e-01
 -7.80945004e-08 -1.20686707e-08 -7.82284570e-10  1.67299734e-07
  1.16970352e-07  1.04427950e-07]
row=126:
[ 2.40337524e+01  3.15682934e+00  2.33675324e+00  1.00876298e+00
  8.59854984e-01  5.05444082e-01  2.22217963e-01  1.80490793e-01
  1.87918370e-07 -1.46767604e-07]
row=127:
[ 1.30354693e+01  1.06820376e+00  7.16754219e-01  2.51693287e+00
  1.79333818e-07 -1.47025960e-07 -1.27670724e-07  5.59932655e-08
 -5.79556393e-08  6.42646380e-09]
row=128:
[ 1.41940032e+01  2.07334843e+00  7.04466173e-01  2.84277432e-01
  3.23449074e-07 -1.89589711e-07  1.24318157e-07 -2.27641603e-08
  1.97713676e-08  3.80203946e-08]
row=129:
[ 2.27181209e+01  5.41023020e+00  2.68294486e+00  1.72903365e+00
  9.63289564e-01  3.49719373e-01  1.98088677e-01 -2.37464715e-07
  4.07135796e-08  1.82900237e-08]
row=130:
[ 2.43872418e+01  3.97710228e+00  3.26774442e+00  2.31891227e+00
  1.50423043e+00  1.28684199e+00  5.61817803e-01  3.82036808e-02
 -5.16155961e-08  2.59611719e-07]
row=131:
[26.24062919  6.27021671  5.26073655  3.76370019  1.78252482  1.02275353
  0.63445762  0.03774892  0.31381504  0.15467117]
row=132:
[ 2.14869430e+01  4.00876482e+00  2.05637553e+00  1.53994049e+00
  7.53251476e-01  4.39271433e-01  7.50812063e-02 -1.54993941e-07
  8.64853734e-08  2.75097168e-07]
row=133:
[2.58267981e+01 5.49414607e+00 4.35408846e+00 3.51676160e+00
 2.92584199e+00 1.71129688e+00 7.96362762e-01 2.72259826e-01
 4.22847640e-02 4.95112304e-03]
row=134:
[ 2.13410913e+01  4.44924308e+00  3.17897451e+00  1.10036297e+00
  5.27875037e-01  3.43828353e-01  1.50682322e-01 -1.55085527e-08
  1.58976672e-07  2.24557864e-07]
row=135:
[ 2.11699837e+01  4.72051873e+00  2.06960732e+00  1.62504759e+00
  1.19151024e+00  5.10310366e-01  1.00608995e-01  2.21552624e-07
 -1.15941316e-07 -8.34325172e-09]
row=136:
[2.59592684e+01 6.14762857e+00 3.25313585e+00 2.57425361e+00
 1.53699693e+00 1.20594184e+00 3.25923324e-01 1.46076665e-01
 6.34976464e-02 1.17266712e-07]
row=137:
[ 2.11111069e+01  3.16172637e+00  1.22172117e+00  4.72044765e-01
  3.45552851e-01  1.84631299e-01 -3.29090980e-07 -8.11209118e-08
  7.29621906e-09  4.65399897e-08]
row=138:
[ 2.19868065e+01  4.60763714e+00  3.31446490e+00  1.33957037e+00
  1.01994884e+00  5.81896657e-01  1.86605459e-01  4.83993803e-07
  9.13152979e-08 -1.51431496e-07]
row=139:
[ 2.47311860e+01  4.49971151e+00  3.44155426e+00  2.47477507e+00
  1.38238140e+00  2.76061154e-01  3.64947867e-01  1.60465546e-02
 -3.25713149e-08 -1.44120756e-07]
row=140:
[3.35743191e+01 5.26373967e+00 4.45597380e+00 1.98893632e+00
 1.00820491e-04 8.26337711e-02 2.57165515e-01 1.00164318e+00
 1.18428739e+00 1.12082550e+00]
row=141:
[ 2.41853617e+01  4.65791381e+00  3.20471684e+00  2.34943556e+00
  1.04964414e+00  5.60366250e-01  2.29126722e-01  5.99219227e-02
 -1.44315916e-07  5.05770739e-08]
row=142:
[ 2.49792730e+01  4.54322264e+00  2.24562221e+00  2.02449065e+00
  6.99315311e-01  2.17863782e-01  7.90847244e-02  5.38504817e-02
  6.78355369e-08 -1.21118773e-07]
row=143:
[ 1.80948350e+01  3.48938008e+00  1.92702608e+00  3.65826213e-01
  1.06482566e+00 -4.23140442e-07  1.83595476e-07  4.41902929e-08
 -7.06781272e-09 -1.57507228e-08]
row=144:
[ 1.92856126e+01  2.88445697e+00  1.87049124e+00  1.14673452e+00
  5.98336647e-01  2.79708736e-01 -3.29194459e-07  3.90289640e-07
  5.00585803e-08  1.94065631e-08]
row=145:
[ 1.94179551e+01  3.77812011e+00  2.61924596e+00  1.68122084e+00
  1.01434343e+00  1.09617382e-01 -2.91101248e-07  1.40369006e-07
  6.47999905e-08 -7.66404673e-08]
row=146:
[ 1.85488460e+01  3.82180032e+00  2.37354419e+00  1.89117704e+00
  9.10917494e-01  7.07430843e-01  1.87314166e-07 -1.60201911e-07
 -5.48706492e-08  5.37629586e-09]
row=147:
[2.65927514e+01 5.02196461e+00 2.83139045e+00 2.07733277e+00
 1.78317952e+00 9.64554218e-01 4.05793524e-01 6.96380272e-02
 1.64065475e-08 1.04147446e-02]
row=148:
[ 2.09775560e+01  2.49841191e+00  3.84311690e-01  1.03033634e+00
  8.74705130e-01  4.23666211e-07 -1.19747019e-07  1.32821354e-07
 -6.24831908e-09  1.32030775e-08]
row=149:
[2.36484346e+01 3.55725278e+00 2.95255947e+00 2.08486777e+00
 1.47354766e+00 6.42418717e-01 2.33535017e-01 1.70516696e-01
 1.30658266e-07 8.43347188e-11]
row=150:
[3.07294310e+01 4.15409732e+00 2.87718468e+00 1.10639376e+00
 1.04668132e+00 6.01507146e-01 3.70543944e-02 1.37303654e-07
 2.84604622e-01 3.28796284e-01]
row=151:
[2.20600642e+01 6.72595556e+00 2.81819054e+00 1.39673200e+00
 1.07440791e+00 4.58849888e-01 2.60639921e-01 3.75159186e-03
 1.26502433e-07 6.60556404e-08]
row=152:
[ 1.72222790e+01  4.58322268e+00  1.16703057e+00  7.37271686e-01
  1.90708682e-01 -3.15693134e-07  1.14031961e-07  1.22925949e-08
 -8.49779439e-09  7.69688986e-11]
row=153:
[2.47067349e+01 4.46328866e+00 2.03903838e+00 1.45308390e+00
 5.89785873e-01 1.67637788e-01 1.18231063e-01 7.04510224e-07
 1.28556341e-08 1.40693282e-07]
row=154:
[31.45562473  6.11255125  4.03970611  2.91638915  1.73993984  1.1261727
  0.73927685  0.4247499   0.20683648  0.03812423]
row=155:
[ 2.71978697e+01  4.68123351e+00  2.56246380e+00  1.92670699e+00
  1.41819040e+00  8.39778375e-01  3.09750391e-01 -2.36245467e-07
  1.66291906e-01  6.65645885e-02]
row=156:
[ 2.21668023e+01  5.28247595e+00  3.44692679e+00  1.82177274e+00
  1.47788734e+00  7.06794755e-01  3.53098970e-01  3.17220645e-01
  2.26308413e-07 -6.57062204e-08]
row=157:
[ 1.63997434e+01  3.37362111e+00  1.35593762e+00  4.34405012e-01
  9.90662228e-02 -2.39295074e-07  1.62224775e-07 -6.77829237e-08
  5.68595579e-08  8.52728724e-10]
row=158:
[ 1.80479564e+01  4.21318068e+00  2.42768406e+00  1.12679626e+00
  4.18218901e-01  5.44233536e-01 -7.61745694e-08  1.53188355e-07
  1.10919380e-07 -8.18889095e-09]
row=159:
[2.77959904e+01 4.69316403e+00 4.31752871e+00 3.60150696e+00
 1.89865978e+00 1.12019440e+00 6.52605027e-01 1.79758306e-02
 1.32665711e-01 8.48935143e-02]
row=160:
[ 2.86356556e+01  8.10488086e+00  4.17070305e+00  1.92430151e+00
  1.40301763e+00  6.69735552e-01  2.13258424e-01  6.34328735e-02
 -2.47460573e-07  1.02516894e-02]
row=161:
[ 2.33303531e+01  4.86423422e+00  2.86192115e+00  2.02316279e+00
  1.11510857e+00  9.83273987e-01  2.12063119e-01  1.05975503e-01
 -1.95680855e-07  7.55193672e-08]
row=162:
[ 1.47655294e+01  1.71023292e+00  1.40183307e+00  3.92966431e-01
 -3.79160416e-07  3.63115359e-07 -9.80164386e-09  1.36433717e-08
  7.87473297e-08  1.60886307e-07]
row=163:
[ 1.13785448e+01  2.16228120e+00  3.50906933e+00  3.16308835e+00
 -8.95610234e-08  1.14013550e-07  1.43102149e-07  2.79910151e-08
 -6.75228479e-09 -3.72607019e-09]
row=164:
[ 2.45201161e+01  5.99568066e+00  2.97457328e+00  1.63535011e+00
  1.15667845e+00  2.69633506e-01  1.55751828e-01  5.07541240e-02
  1.03520917e-08 -2.20177911e-07]
row=165:
[ 2.09383974e+01  4.05117698e+00  3.73892708e+00  1.58908565e+00
  1.67008588e+00  8.83116176e-01  4.01942645e-01 -8.75852690e-08
  1.37032055e-08  1.46224935e-07]
row=166:
[3.22213327e+01 5.30036365e+00 2.58266424e+00 1.97026196e+00
 8.12110383e-01 7.50319714e-01 5.03109769e-01 1.38022210e-01
 2.23284673e-03 3.07962372e-02]
row=167:
[2.92419069e+01 4.58368973e+00 3.98884646e+00 2.84916512e+00
 1.30330443e+00 7.63661906e-03 1.40950962e-01 9.83110510e-01
 6.88081156e-01 4.78814849e-01]
row=168:
[ 1.59776069e+01  4.87087873e+00  2.63340454e+00  1.19648310e+00
  6.90999046e-01  8.44197821e-02  2.01187754e-07 -2.31500508e-07
 -1.24655625e-07 -3.63131346e-08]
row=169:
[ 2.04689818e+01  5.62958659e+00  2.30611253e+00  1.47163601e+00
  1.17433806e+00  9.81986146e-01  4.05908139e-01 -2.32629025e-07
  1.06458893e-07 -3.20991313e-08]
row=170:
[ 1.17133813e+01  3.99689155e+00  2.06617970e+00  6.25651106e-01
  3.69033892e-07 -1.02331566e-07 -4.55784506e-08 -1.24580301e-08
  8.21544583e-09  2.04342162e-08]
row=171:
[ 1.73856475e+01  4.66588030e+00  1.35631282e+00  6.16892952e-01
  2.13675181e-01 -2.14620552e-07  1.72170440e-07  4.80260112e-08
 -2.23926993e-08  0.00000000e+00]
row=172:
[ 2.18925494e+01  4.40637195e+00  2.72940179e+00  1.47035409e+00
  8.20687438e-01  1.40378991e-01  1.00607593e-01  2.17841911e-07
  1.09258438e-07 -3.65896238e-08]
row=173:
[ 1.74689672e+01  3.66560717e+00  1.92592304e+00  1.69311302e+00
  2.25889398e-01  2.62021860e-07  1.48706640e-07 -6.57518618e-08
 -4.08002167e-08  4.62963112e-08]
row=174:
[ 1.48548613e+01  3.29494935e+00  2.51619589e+00  1.90394234e+00
  6.98727757e-01  2.66095593e-07  8.02493313e-08  4.26631722e-08
 -8.68869550e-08 -3.96592704e-08]
row=175:
[ 1.29809710e+01  2.46020269e+00  8.26215513e-01  2.22395548e-01
 -2.30930142e-07  1.49679288e-07 -6.23129395e-08  7.68770978e-08
  2.19113605e-08  1.39741319e-09]
row=176:
[ 2.20288264e+01  4.71932607e+00  2.07626836e+00  1.58897771e+00
  1.08093488e+00  5.25519689e-01  3.18071253e-01  1.53734247e-01
 -1.64396938e-07  3.65850735e-08]
row=177:
[3.34383606e+01 5.48276093e+00 4.09917173e+00 3.01218503e+00
 1.41095068e+00 9.89671100e-01 6.36894282e-01 3.33159896e-01
 1.98243829e-03 1.98029139e-02]
row=178:
[ 1.38564022e+01  4.59480088e+00  2.52288743e+00  9.07795179e-01
  2.08516562e-01 -1.77299328e-07  8.03267719e-09  5.14730640e-08
  1.74204714e-07  1.36689193e-07]
row=179:
[ 1.76236529e+01  3.65148461e+00  3.06570384e+00  1.25589971e+00
  7.18648813e-01  2.09558665e-01  1.31938379e-07 -5.50257084e-08
  1.96933363e-08 -1.41536034e-08]
row=180:
[ 1.47063557e+01  3.53976529e+00  2.17197433e+00  1.17625407e+00
  2.28975869e-01 -1.37276755e-07 -1.11923118e-07 -3.52104179e-08
  7.86832026e-08  4.45263201e-08]
row=181:
[ 1.66846861e+01  2.01734555e+00  7.75156906e-01  4.35678015e-01
 -2.48093333e-07  1.46890869e-07  9.14297336e-08 -1.57559692e-08
  1.35452426e-08 -1.60093260e-10]
row=182:
[ 2.18700478e+01  3.21438232e+00  1.95732000e+00  9.62368081e-01
  8.75365357e-01  2.67646552e-01 -7.00195153e-07  2.09102479e-07
  7.18291930e-08  3.61836497e-08]
row=183:
[ 1.81803212e+01  4.10605101e+00  2.54319970e+00  1.96427298e+00
  1.46723494e+00  4.06081818e-01  2.63510825e-01  1.93950673e-07
 -6.72480743e-08 -9.98030991e-08]
row=184:
[ 1.72601531e+01  3.54522884e+00  1.64686759e+00  1.15987976e+00
  5.82067192e-01  3.15118620e-01  1.54701774e-07 -2.63674660e-07
 -1.02570311e-07  3.74911355e-08]
row=185:
[ 1.95503078e+01  3.76035290e+00  1.82159642e+00  9.29162179e-01
  5.60272461e-01  6.77665227e-01  2.54716499e-07 -2.15155887e-07
 -2.07211646e-08 -7.12865690e-08]
row=186:
[ 2.22210114e+01  6.20595835e+00  3.00026372e+00  2.09088134e+00
  6.96514240e-01  4.83047763e-01  2.50121443e-01  2.18038141e-01
 -6.34923952e-08 -1.95365240e-07]
row=187:
[ 2.40390704e+01  4.90060421e+00  3.36375410e+00  2.08256904e+00
  7.52932326e-01  4.39139950e-01  1.69640775e-01  4.10793198e-02
 -2.82543983e-07 -1.56828623e-07]
row=188:
[ 1.38238219e+01  2.52225822e+00  1.17215354e+00  1.06516456e+00
  2.97496389e-07 -5.70946591e-08 -2.66781243e-08  9.83863417e-08
  1.59268353e-08  5.81900785e-08]
row=189:
[ 1.99182131e+01  1.67028369e+00  1.15820591e+00  5.09208226e-01
  1.14310997e-01 -2.11416891e-07  1.36979245e-07 -5.97092602e-08
 -1.84936827e-08  2.44747848e-08]
row=190:
[ 2.30168291e+01  4.44138325e+00  2.90131507e+00  1.49016893e+00
  1.12370824e+00  6.36406146e-01  1.74002004e-01  1.32451108e-07
 -1.03823534e-07 -4.02128210e-09]
row=191:
[ 2.17081472e+01  4.34265347e+00  2.79539790e+00  1.76114668e+00
  4.97082094e-01  5.94049375e-01  4.51101636e-02  2.32181478e-07
 -1.50285422e-08 -8.44345766e-08]
row=192:
[ 2.08800863e+01  5.46151535e+00  3.19008533e+00  1.99247782e+00
  1.17816760e+00  6.05834780e-01  1.48553356e-01  5.75065992e-02
 -2.10962631e-08  4.62924445e-08]
row=193:
[ 2.20092763e+01  7.35350978e+00  3.68322027e+00 -5.42595714e-08
  5.45695460e-02  3.80019479e-01  1.27219949e+00  1.85663488e+00
  2.31393851e+00  2.58267871e+00]
row=194:
[2.77503143e+01 5.68581564e+00 3.01171195e+00 2.70297084e+00
 1.51852178e+00 9.01786380e-01 3.83839653e-01 2.17178967e-02
 1.71050261e-01 9.81279708e-02]
row=195:
[2.79410642e+01 6.73331076e+00 3.24024438e+00 2.68124638e+00
 2.03305555e-02 3.70288800e-03 1.71135812e-01 6.99080462e-01
 1.00320668e+00 1.10308406e+00]
row=196:
[3.23684662e+01 3.21782099e+00 2.83640978e+00 2.65962986e+00
 1.63500559e+00 8.57789620e-01 9.52288901e-03 1.17591971e-01
 5.32545854e-01 3.64661557e-01]
row=197:
[ 2.39521583e+01  4.04928687e+00  2.29059331e+00  1.65030595e+00
  9.90826351e-01  5.95088510e-01  1.41514826e-01  5.07678770e-02
  1.39179966e-07 -2.11781790e-07]
row=198:
[2.62273318e+01 5.40739351e+00 3.71048655e+00 2.73349211e+00
 2.37442813e+00 1.50856974e+00 8.06699401e-01 2.75120024e-01
 6.06507211e-02 1.58621023e-03]
row=199:
[ 1.60134714e+01  3.55403427e+00  3.07204129e+00  1.75012393e+00
  3.64676687e-01  3.03123559e-07 -2.52358926e-07  1.10532452e-07
 -9.26893950e-11 -1.30287734e-07]
row=200:
[ 2.11571565e+01  4.77758175e+00  2.85866227e+00  2.15058127e+00
  7.59837900e-01  2.46242742e-01  1.11377383e-01  9.48644883e-02
  1.10332155e-07 -1.91615492e-08]
