row=1:
[ 2.06719244e+01  6.30082578e+00  4.86698392e+00  3.10260683e+00
  2.58186175e+00  1.80355573e+00  1.09525638e+00  4.48333859e-01
 -2.20615568e-07  1.47898846e-07 -1.61367726e-07  9.76349117e-08
 -1.20015267e-07  6.72960378e-08  5.63128671e-08  1.17821862e-08
 -7.25661294e-08 -5.95577617e-08 -4.04359918e-08 -1.50520617e-08]
row=2:
[ 2.81210491e+01  7.99117573e+00  6.41102274e+00  5.39740770e+00
  4.40388187e+00  2.94374175e+00  3.77139562e+00  8.74698798e-01
  1.06815336e+00  3.06863524e-01 -3.53393090e-07  2.95943376e-07
 -2.13067601e-07  2.03773451e-07  1.65243199e-07  1.19324400e-07
 -1.01635896e-07 -7.06357819e-08  6.39832171e-09  2.59897339e-08]
row=3:
[ 1.45148760e+01  4.52872477e+00  2.55843188e+00  2.03060567e+00
  9.25568767e-01  1.90140049e-07 -1.82509023e-07 -1.73126742e-07
  1.17611635e-07  1.09278596e-07 -8.52275036e-08 -7.18370032e-08
  6.19219444e-08  5.08066130e-08  4.24606610e-08 -4.98383900e-08
  2.45203900e-09 -5.64411067e-09 -3.06966342e-08 -1.67515940e-08]
row=4:
[ 1.91198460e+01  4.26127165e+00  3.32103189e+00  1.32884316e+00
  7.49151119e-01  5.27438402e-07 -2.47825991e-07  2.47995718e-07
 -1.53477715e-07  1.81625945e-07  1.25564363e-07 -8.78347177e-08
  9.29223384e-08 -4.01314737e-08  4.59416995e-08  2.86926880e-08
  1.03713347e-08 -8.40267678e-09 -4.03282281e-09  2.42176122e-09]
row=5:
[ 2.64227315e+01  6.22489743e+00  4.95638638e+00  3.95103346e+00
  2.98762517e+00  2.14407853e+00  1.76089487e+00  1.00627141e+00
  4.59902015e-01  4.20521035e-07 -2.81751015e-07  1.90700359e-07
 -1.67699029e-07 -1.37180950e-07  1.25954210e-07  9.23172538e-08
  4.17500378e-08 -3.99576680e-08 -1.60298377e-08  5.76047256e-09]
row=6:
[ 3.18078368e+01  7.43104807e+00  4.78751289e+00  4.17106492e+00
  2.78671270e+00  2.48767967e+00  1.98001848e+00  1.52392704e+00
  9.00905865e-01  7.41233415e-01 -4.25137939e-07  4.57632928e-07
 -1.49426928e-07 -1.19052019e-07  1.68192284e-07 -2.49423632e-08
  3.16642247e-08  1.22458097e-07  7.37496150e-08  9.31566082e-08]
row=7:
[ 1.50510167e+01  4.44639991e+00  3.01404620e+00  1.41180977e+00
  6.78283471e-01 -2.46235569e-07 -1.84371579e-07  1.62598117e-07
 -8.61116782e-08 -6.63859036e-08 -4.44001686e-08  8.77595902e-08
  7.12454028e-08  6.51401767e-08 -2.23344926e-08 -1.05507284e-08
  3.75995630e-10  4.12226862e-08  2.42460591e-08  2.84902807e-08]
row=8:
[ 2.84315964e+01  5.68034557e+00  3.93851125e+00  3.36076864e+00
  2.35830405e+00  1.60234757e+00  5.06657070e-01  1.35839871e+00
  9.92227796e-01  5.40215658e-07 -2.67533024e-07 -2.16210722e-07
  1.89814220e-07  1.37904858e-07  1.07581113e-07  6.06857029e-09
 -1.46958775e-08 -3.53726882e-08 -9.78526390e-08 -7.74049573e-08]
row=9:
[ 2.70625101e+01  8.80396978e+00  4.10182013e+00  3.62975540e+00
  2.72169452e+00  2.23554588e+00  1.50357820e+00  7.09193371e-01
  9.40311170e-01 -2.88450888e-07  2.57938069e-07  2.34516268e-07
 -1.34229764e-07  1.59078159e-07  1.25698402e-07  8.33204780e-08
 -8.27993938e-08 -6.55695761e-08 -1.77963108e-08 -1.72566250e-09]
row=10:
[ 2.49773434e+01  6.42366817e+00  4.17875166e+00  3.21181003e+00
  2.14273344e+00  1.41250914e+00  5.91002625e-01  3.16143827e-01
  3.30331840e-07 -3.57128313e-07 -3.13052799e-07 -1.98968663e-07
  1.79099919e-07  1.50555484e-07 -6.92864864e-08  8.18337570e-08
 -2.51962588e-08 -7.69703026e-09  7.97742535e-09  3.15678206e-08]
row=11:
[ 1.39203835e+01  3.86231835e+00  2.15180720e+00  7.42675777e-01
  1.91565166e-07 -1.56259874e-07  1.57077033e-07 -1.14867911e-07
 -9.52627852e-08 -7.68964842e-08  6.77808155e-08 -4.06680485e-08
 -2.03730864e-08 -1.38979975e-08  4.58035641e-08  5.83406619e-10
  1.26123594e-08  2.43812782e-08  3.38260438e-08  0.00000000e+00]
row=12:
[ 2.91467487e+01  7.55907484e+00  5.96538184e+00  4.38248663e+00
  3.70146936e+00  2.10951479e+00  1.98656660e+00  1.11810274e+00
  6.06415156e-01  3.96393775e-01  2.74831407e-07  1.73350510e-07
 -1.82572402e-07 -1.17511930e-07 -1.10824167e-07 -7.45376435e-08
  1.21944364e-07  7.18885621e-08  5.36324915e-08 -1.06819640e-08]
row=13:
[ 1.56867989e+01  4.34260131e+00  3.10559214e+00  1.84173054e+00
  1.11792959e+00  3.04326125e-07  1.93142181e-07 -1.60608927e-07
 -1.31937345e-07  1.10841692e-07 -8.90955836e-08  7.54319585e-08
  6.74296974e-08  3.25394288e-08 -3.90306847e-08  1.30053900e-08
 -1.73211148e-08 -1.02892540e-08  1.18939318e-09 -8.09673087e-10]
row=14:
[ 3.08871325e+01  7.78457187e+00  5.25799191e+00  3.73098566e+00
  2.54217613e+00  2.04270496e+00  1.22617648e+00  1.00605255e+00
  5.31480306e-01  2.75909116e-01 -4.86446071e-07  3.47980922e-07
  2.79252551e-07 -2.01290962e-07  1.41287707e-07 -1.20177443e-07
  3.81008627e-08  3.29867973e-09 -4.60506848e-08 -1.92829088e-08]
row=15:
[ 2.95963620e+01  6.07738915e+00  5.09969983e+00  3.54100418e+00
  2.75567554e+00  6.18783097e-01  9.07329069e-01  1.47547640e+00
  2.27461266e+00  1.97312244e+00  5.80411087e-07 -3.50447267e-07
 -2.76999203e-07 -2.11177720e-07  2.99127747e-07 -5.08367892e-08
  5.81493947e-09  2.07373027e-07  1.13704953e-07  1.41021718e-07]
row=16:
[ 3.17172498e+01  6.71311649e+00  5.67168554e+00  4.37326226e+00
  2.98820722e+00  1.72955391e+00  1.27457928e+00  9.34777877e-01
  5.61813226e-01  4.07603790e-01 -4.36512766e-07  2.73470138e-07
  2.34921631e-07 -2.33710216e-07  1.14516506e-07 -1.26456571e-07
  6.16046909e-08 -7.01121362e-08 -3.10347499e-08  2.97101787e-09]
row=17:
[ 1.88395313e+01  2.97502923e+00  2.16465971e+00  1.38438556e+00
  8.12744162e-01  3.00980462e-07 -2.74284964e-07  1.75291683e-07
 -1.82469547e-07 -1.72479477e-07  1.28837645e-07 -9.51886694e-08
  7.40617658e-08  4.32953691e-08  3.54834693e-08  7.17310423e-09
 -1.66345721e-08 -1.86638788e-08 -3.99809204e-08  0.00000000e+00]
row=18:
[ 2.85665080e+01  7.40022859e+00  5.20590157e+00  4.92200438e+00
  3.29760371e+00  2.95036138e+00  6.70581501e-01  1.08861829e+00
  1.38422094e+00  2.12602550e+00  4.78679660e-07 -3.06291870e-07
 -2.75899901e-07 -2.31855820e-07 -1.69277585e-07  1.90005611e-07
  1.12218527e-07 -4.42743062e-08  3.42661237e-08  1.07779166e-08]
row=19:
[ 1.53554586e+01  4.32814204e+00  2.78022747e+00  2.32164413e+00
  1.05640410e+00  4.09123952e-07 -2.69626981e-07 -2.06380862e-07
  1.34035215e-07 -1.16576611e-07  8.44237064e-08  4.76608182e-08
 -6.78930166e-08 -5.13999816e-08 -3.35776630e-08  1.55511867e-08
  1.13091258e-08 -7.01331314e-09 -2.94456932e-09  1.87705052e-09]
row=20:
[ 1.93659194e+01  4.18562753e+00  3.18931895e+00  2.28811575e+00
  1.93910258e+00  7.03089781e-01 -3.56187361e-07  1.99952191e-07
 -2.03748658e-07  1.42407151e-07  1.17898365e-07 -1.26584898e-07
  5.29539693e-08  3.92218818e-08  2.58331351e-08  8.67582739e-09
 -2.79367227e-08 -9.54991604e-08 -5.76294304e-08 -7.22803942e-08]
row=21:
[ 2.20633063e+01  3.80061307e+00  3.41724160e+00  2.80337666e+00
  1.18253052e+00  9.29738805e-01  3.95113816e-07 -4.04231197e-07
  2.08128592e-07 -1.57739398e-07 -1.38921577e-07  7.46132962e-08
  6.49564400e-08 -7.28048355e-08  3.14382941e-08 -4.44795254e-08
 -2.82283463e-08  5.07000192e-09  2.58811034e-10 -2.66616764e-09]
row=22:
[ 1.56684060e+01  5.13398258e+00  2.52018750e+00  1.55732052e+00
  1.71287330e+00  2.64364398e-07 -2.11935934e-07  1.84478534e-07
  1.51566907e-07 -1.34023394e-07  8.13967379e-08  5.74308862e-08
 -6.85549314e-08 -5.48157826e-08 -4.30217079e-08 -2.14263151e-08
  1.52055457e-08  1.22428999e-08 -5.36887674e-10 -8.67884131e-09]
row=23:
[ 2.26199936e+01  6.85949164e+00  3.19198187e+00  3.04186246e+00
  1.70730325e+00  7.78881475e-01  7.25727739e-01  4.46012074e-01
 -3.14302361e-07  3.72114066e-07 -1.29480657e-07  1.82083800e-07
  1.71652857e-07 -5.52650433e-08 -3.32613059e-08 -2.14575280e-08
  7.23227259e-09  3.89188709e-08  5.91945178e-08  1.26138789e-07]
row=24:
[ 3.70578691e+01  8.06316506e+00  4.45861428e+00  3.63544138e+00
  3.08412065e+00  1.85669129e+00  1.29610958e+00  9.92664903e-01
  5.17455106e-01  2.56831404e-01 -4.11974235e-07  3.61661646e-07
  3.47132351e-07  1.89997184e-07 -1.49860197e-07 -1.18995214e-07
 -8.74546650e-08  8.85235665e-08  1.83954319e-08 -9.48142370e-09]
row=25:
[ 2.17445204e+01  7.25381556e+00  3.99992544e+00  5.42280040e-01
  2.37309210e+00  2.11579404e+00  1.23216950e+00  1.74191227e+00
 -2.83052700e-07  2.67259788e-07 -2.08653277e-07  1.38545241e-07
 -7.56718620e-08  7.80646586e-08  6.33230666e-08 -2.61800104e-08
 -1.05861041e-08  3.41925142e-08  1.60674352e-08  2.34808539e-08]
row=26:
[ 2.24804697e+01  4.47264236e+00  3.17846062e+00  2.81297810e+00
  2.00332671e+00  8.54544000e-01  5.97511109e-01 -4.20770517e-07
 -2.15570065e-07  2.57034741e-07 -1.30263255e-07  1.62661992e-07
  1.51265389e-07  1.27461401e-07  8.78030907e-08  3.87280093e-08
  8.81967925e-09 -1.16627142e-08 -3.75543272e-08 -3.06848771e-08]
row=27:
[ 2.08942333e+01  4.61097485e+00  3.14189217e+00  2.41503108e+00
  1.74419598e+00  7.39855379e-01  2.92837910e-07 -3.09044192e-07
 -2.51058836e-07  1.78695355e-07  1.29612342e-07 -1.42148972e-07
 -1.00657929e-07 -8.66897843e-08  6.22800199e-08 -5.25239791e-08
 -3.29322992e-08  2.30642159e-08  4.53556568e-08 -4.29162045e-09]
row=28:
[ 2.27970761e+01  5.73566447e+00  3.51777268e+00  2.61861649e+00
  2.18088009e+00  1.85547098e+00  1.20636208e+00  3.32369221e-01
  3.00749343e-07  2.14579605e-07  1.73192645e-07 -1.97146029e-07
 -1.82014546e-07 -1.41243276e-07 -9.22543455e-08  9.40651616e-08
  5.66920604e-08 -3.85468008e-08 -4.35952939e-10 -1.04944951e-08]
row=29:
[ 1.92120936e+01  3.80607629e+00  2.59841807e+00  1.60368189e+00
  1.48938680e+00  5.95850937e-01 -3.45566106e-07  2.45248107e-07
  1.58330392e-07 -1.17039496e-07 -7.62755344e-08  8.90048663e-08
  6.97539017e-08  6.31450139e-08  3.60397662e-08 -4.79265655e-08
  5.21141920e-09 -1.45518008e-08 -4.33153969e-09 -8.72897350e-09]
row=30:
[ 2.05522160e+01  3.27177463e+00  2.63365537e+00  1.78715429e+00
  1.48078289e+00  3.52067891e-07 -2.38682539e-07 -2.11951234e-07
  1.86207206e-07  1.51712753e-07 -1.53047018e-07 -8.78716232e-08
  6.11231195e-08 -3.57316209e-08 -2.26371854e-08 -1.62893455e-08
  2.35940971e-08  1.54498203e-08 -1.45454395e-09  6.89668121e-09]
row=31:
[ 2.73512004e+01  7.91225163e+00  4.96106283e+00  4.04882648e+00
  2.43700208e+00  2.05060460e+00  1.78705874e+00  1.07640892e+00
  7.67653181e-01  3.48088850e-01 -3.34472497e-07  1.98437687e-07
 -1.94197942e-07 -1.78950341e-07  1.39320764e-07 -5.29625726e-08
 -4.77871363e-08 -8.61273241e-09  8.18384258e-08  5.60113371e-08]
row=32:
[ 1.96790502e+01  4.88782545e+00  2.36010503e+00  2.72250487e+00
  2.96378151e+00  5.42424062e-01  3.15507418e-07  2.43824836e-07
  1.95496388e-07 -1.82891791e-07  1.40931599e-07  1.11054345e-07
 -1.36731073e-07 -1.25649202e-07 -8.30434138e-08  2.06348896e-08
 -4.41823224e-08 -5.66566179e-09 -2.31209027e-08 -1.94969147e-08]
row=33:
[ 3.15344325e+01  6.08525060e+00  4.60691998e+00  4.07603785e+00
  2.86161954e+00  2.56720769e+00  1.54829958e+00  5.87791248e-01
  1.24055872e+00  9.75696501e-01 -4.20327131e-07  4.04859124e-07
 -1.94966246e-07 -2.05860970e-07 -6.91090037e-08 -4.27200236e-08
  2.55719085e-08  9.39013327e-08  1.31752153e-07  1.93872319e-07]
row=34:
[ 1.75220308e+01  3.87230334e+00  1.00221703e+00  1.47215228e+00
 -2.50531580e-07  2.40180502e-07  1.08476511e-07 -9.37441230e-08
 -7.29567071e-08  6.96088918e-08  5.89556978e-08 -3.61140951e-08
  3.31827684e-08 -2.61405284e-08 -8.14189107e-09  7.74755540e-09
 -2.57685371e-09  2.69476788e-09  2.40173390e-09  0.00000000e+00]
row=35:
[ 3.24793223e+01  5.78017765e+00  5.19203801e+00  3.91960939e+00
  3.05257942e+00  2.64432319e+00  1.39337010e+00  4.39922685e-01
  9.44899089e-01  8.21984159e-01  3.65327795e-07 -3.88297621e-07
 -3.49583706e-07  1.54051027e-07  1.28506859e-07  6.24543570e-08
 -7.14315778e-08 -1.49346670e-07 -1.34912937e-08 -2.91400583e-08]
row=36:
[ 1.22815800e+01  4.02445876e+00  3.17754527e+00  2.15553062e+00
 -1.42233084e-07  1.56761646e-07  1.33721087e-07 -1.10572098e-07
  1.00812104e-07  6.43622567e-08 -6.58074901e-08  4.13762525e-08
  3.12050288e-08 -3.92243160e-08 -3.43023619e-08 -2.46903394e-08
 -7.83552660e-09 -2.52658779e-09  1.91483766e-09 -2.57682085e-11]
row=37:
[ 2.64109979e+01  4.84095756e+00  4.05793701e+00  2.86295466e+00
  2.46736545e+00  1.45473147e+00  6.80216424e-01  2.85437597e-01
  5.97084023e-07 -3.04516700e-07  2.95098390e-07  2.08664860e-07
 -1.52675021e-07  7.90347792e-08  5.92188385e-08  2.89911332e-08
 -8.91023766e-08 -5.79438994e-08 -3.44070499e-08 -2.01490245e-08]
row=38:
[ 1.72277888e+01  8.16901965e+00  2.95297163e+00  2.32376498e+00
  1.65231172e+00  9.77576719e-01  2.93438007e-07  1.44768920e-07
 -2.25418451e-07 -1.83068394e-07 -1.69747063e-07  6.08169335e-08
 -8.82182616e-08 -6.51961931e-08  2.62552379e-08  1.85899924e-08
 -4.04220039e-11 -2.88466309e-08 -2.24468286e-08 -1.63099777e-08]
row=39:
[ 2.75894838e+01  5.48234752e+00  4.48957029e+00  3.66837519e+00
  2.98933349e+00  4.25908462e-01  9.03956581e-01  1.95225747e+00
  1.85784027e+00  4.63409791e-07 -3.33581247e-07  3.03579086e-07
 -2.13527760e-07 -1.93268338e-07  1.90992553e-07 -1.01392428e-07
 -3.71164039e-08  1.06673920e-07  4.69137997e-08  6.28614497e-08]
row=40:
[ 1.68320856e+01  3.65668085e+00  2.49149313e+00  1.58467303e+00
  8.18398484e-01  2.73671802e-07 -2.07235172e-07  1.63747412e-07
  1.42879927e-07 -1.50320335e-07  8.21934301e-08 -1.12612489e-07
  4.24735354e-08 -6.79541157e-08 -5.32641609e-08 -3.83903849e-08
  8.64009300e-09  6.01387427e-10 -9.46517009e-09 -2.26310133e-08]
row=41:
[ 2.25792596e+01  5.15643228e+00  3.98543572e+00  2.48165162e+00
  1.33948260e+00  1.04917999e+00  3.84563979e-01 -2.59408920e-07
 -1.93535046e-07  2.51687953e-07 -1.35834458e-07  2.03474561e-07
  1.73663868e-07 -6.94385393e-08 -4.01622238e-08 -1.03826666e-08
  3.14583417e-08  4.85962912e-08  1.02499088e-07  9.14910525e-08]
row=42:
[ 1.55557087e+01  5.51539531e+00  2.37440621e+00  8.99218734e-01
  1.49744680e+00 -2.05878741e-07  2.19089653e-07  1.84756452e-07
 -1.54605342e-07  1.40136558e-07 -1.19458839e-07 -1.05964181e-07
  1.06800170e-07 -5.42271997e-08 -3.33922321e-08  5.40015592e-08
 -1.19087371e-08  9.21246904e-11  3.58493522e-08  2.53182062e-08]
row=43:
[ 1.62448069e+01  4.51058315e+00  3.19467804e+00  2.77293494e+00
  1.39379871e+00 -2.66000841e-07 -1.94818666e-07  1.68624190e-07
 -1.14169192e-07  1.26880687e-07  8.34110959e-08 -6.45264445e-08
  5.97770867e-08  4.21833006e-08  1.61245113e-08 -3.31138181e-08
 -1.40043887e-09 -2.12406571e-08 -1.37463096e-08 -1.41078108e-08]
row=44:
[ 2.87543589e+01  6.71003543e+00  5.48362052e+00  3.94759835e+00
  7.05208575e-01  1.05803185e+00  1.43562535e+00  2.83901863e+00
  2.41596788e+00  2.31125889e+00  3.29447863e-07  2.62798397e-07
 -2.73880335e-07  1.32755297e-07  5.21472769e-08  4.04459499e-08
  4.53808821e-09 -4.45934187e-08 -1.37239597e-07 -9.96012618e-08]
row=45:
[ 3.57580347e+01  6.73481781e+00  5.91675206e+00  4.63919070e+00
  4.14898073e+00  1.68802798e+00  7.91987321e-01  1.01170337e+00
  4.16018118e-01  4.94209405e-01  4.64907971e-07 -3.70107323e-07
  2.65218172e-07  2.27684942e-07 -2.10258191e-07  8.47166955e-09
 -3.63144297e-08 -5.81724553e-08 -1.50998391e-07 -1.24560348e-07]
row=46:
[ 3.10665760e+01  6.54276367e+00  4.84629734e+00  3.77815186e+00
  2.38909056e+00  2.13802095e+00  1.12035909e+00  9.38022960e-01
  8.08940000e-01  4.35294467e-01 -3.27776829e-07 -2.71016239e-07
 -1.43253327e-07  2.96968179e-07  2.59014782e-07 -1.27839899e-08
  1.33420405e-07  1.15436622e-07  4.58825380e-08  5.13246378e-08]
row=47:
[ 2.71403759e+01  5.22326451e+00  3.14710858e+00  2.29721966e+00
  2.07990364e+00  6.97098374e-01  1.27621064e+00  1.44038685e+00
  3.42052306e-07  3.12569555e-07 -2.11155166e-07  1.62344617e-07
 -1.30356942e-07 -1.08246546e-07  1.13167052e-07 -5.70663456e-08
  4.94248423e-08 -7.61262544e-09  8.27933883e-09  2.78315317e-09]
row=48:
[ 2.99693187e+01  8.00188146e+00  5.11555861e+00  2.85283062e+00
  2.46908769e+00  1.62047956e+00  4.72290634e-01  1.19338853e+00
  8.68227358e-01  4.51105226e-07 -2.13891872e-07 -2.01961961e-07
  2.70471717e-07  2.24882453e-07 -1.20457338e-07 -4.00747478e-08
 -1.55235533e-08  2.41873281e-08  1.10398120e-07  7.94962905e-08]
row=49:
[ 2.39805845e+01  6.75234509e+00  5.28540252e+00  3.00039368e+00
  2.37677642e+00  1.17533224e+00  8.64580407e-01  4.18528146e-01
 -3.31101985e-07  2.67943793e-07 -2.28839556e-07  1.56691558e-07
  1.47639852e-07  8.99053616e-08  6.03861828e-08 -1.55232574e-07
 -1.14191125e-07 -7.68802232e-08 -3.32296248e-08 -4.78769039e-08]
row=50:
[ 2.97577868e+01  6.89395961e+00  5.69419627e+00  3.64423060e+00
  3.02066248e+00  2.18230065e+00  1.29780084e+00  8.83469280e-01
  5.73111762e-01  3.80127234e-01  3.44281254e-07 -2.90418225e-07
  1.63429496e-07  1.27260421e-07 -1.50959054e-07 -1.30318678e-07
 -8.49572845e-08 -3.19420141e-08  2.23612260e-08  4.92030394e-09]
row=51:
[ 2.96667567e+01  7.31397028e+00  6.44765675e+00  5.30933526e+00
  3.93035031e+00  2.34332158e+00  1.82676706e+00  1.33482883e+00
  4.06923973e-01  5.25310470e-01 -3.55771555e-07  3.06307793e-07
 -2.47746360e-07 -1.56851211e-07 -8.05022745e-08  4.49107164e-09
  1.50986200e-07  6.02098346e-08  1.03267542e-07  8.74034259e-08]
row=52:
[ 1.90774222e+01  4.92091245e+00  2.13226751e+00  1.94705368e+00
  1.30310815e+00  6.25502809e-01  3.64773513e-07 -3.07362567e-07
  2.18510890e-07 -1.87298023e-07 -1.34336383e-07  1.17419434e-07
 -5.88209511e-08 -4.68559305e-08  9.37414595e-08 -6.73537108e-09
  1.42401678e-09  3.46551458e-08  5.09054732e-08  4.59818392e-08]
row=53:
[ 1.52480482e+01  2.56487642e+00  1.96230023e+00  1.27566340e+00
  2.08564331e-07 -1.73107054e-07 -1.62445530e-07  9.30941129e-08
 -9.13451384e-08  7.38526180e-08 -6.63941144e-08 -5.72468819e-08
 -3.14348869e-08 -2.59061169e-08 -8.81051984e-09  3.13369626e-08
  2.81579554e-09  2.14907630e-08  1.57466505e-08  1.81861142e-08]
row=54:
[ 2.91226242e+01  9.18718660e+00  7.96032312e+00  5.41533655e+00
  4.24947585e+00  1.92420118e+00  1.84383251e+00  1.01883935e+00
  8.15291774e-01  3.63211289e-01 -3.59431241e-07  3.12122053e-07
  1.22294293e-07 -1.07705696e-07 -8.16761453e-08 -4.02128984e-08
 -1.24083484e-08  3.01637393e-08  3.89392284e-08  4.71490182e-08]
row=55:
[ 1.75365394e+01  5.15412476e+00  2.74101165e+00  2.14031735e+00
  1.43454535e+00 -2.97727903e-07 -2.11414783e-07  1.98800771e-07
  1.30578375e-07 -1.09828050e-07  8.91045430e-08 -7.56950082e-08
 -4.70513378e-08  4.74485203e-08 -2.30910148e-08  2.51863713e-08
 -6.94108161e-09  1.02538488e-08  2.37534670e-09  5.01962573e-09]
row=56:
[ 2.07499593e+01  4.34479248e+00  2.14729714e+00  1.54452718e+00
  1.06779747e+00  7.41476315e-01  3.44271509e-07 -2.38598605e-07
  1.66895326e-07 -1.28780625e-07 -9.38363538e-08 -5.99910591e-08
 -5.35438574e-08 -3.26578576e-08  1.06023508e-07  9.35339725e-08
  4.98458609e-09  6.46840089e-08  2.42063988e-08  4.08645328e-08]
row=57:
[ 2.78127725e+01  8.12848034e+00  4.15916412e+00  2.83435585e+00
  2.66478756e+00  2.16664801e+00  1.63526398e+00  1.08434549e+00
  4.60758541e-01  2.21535401e-01 -4.22269864e-07 -2.23261039e-07
  1.97493491e-07  1.84219609e-07 -1.05964524e-07  1.09236430e-07
 -4.17992257e-08  6.62450068e-08  5.16324309e-08 -1.67241509e-08]
row=58:
[ 2.16096934e+01  5.61609558e+00  3.06005783e+00  1.62957384e+00
  1.23396387e+00  8.99457036e-01  6.91467562e-01  4.27878568e-07
 -2.61108414e-07  1.96664630e-07 -2.03596768e-07 -1.46401379e-07
  1.40203756e-07 -6.23843504e-08 -5.45205491e-08  6.83067651e-08
  4.59081847e-08  3.42378831e-08 -5.54043671e-10 -7.32306430e-09]
row=59:
[ 2.80559488e+01  8.27384896e+00  4.97830110e+00  3.42812638e+00
  3.47888801e+00  2.19003008e+00  1.50839977e+00  1.06828021e+00
  5.72522547e-01  2.77512002e-01 -4.26540342e-07 -2.91647362e-07
 -2.18375251e-07  3.09101732e-07  2.70320667e-07  2.16914854e-07
  1.64689390e-07  6.94964607e-08 -4.72550993e-09 -3.89309472e-08]
row=60:
[ 2.01519109e+01  4.45395946e+00  3.15053119e+00  1.97592387e+00
  2.13743895e+00  9.87359044e-01  6.80017245e-01 -2.97428227e-07
 -1.95505182e-07  2.31091888e-07  2.00681196e-07 -1.34559463e-07
  1.30928236e-07 -6.81953471e-08 -4.45648195e-08  9.72213017e-08
  8.95094616e-08  4.56015164e-08  6.38528165e-09  1.24297550e-08]
row=61:
[ 2.43490333e+01  6.19152464e+00  2.63446186e+00  2.45473230e+00
  1.69596887e+00  6.91103518e-01  1.03703750e+00  9.46097807e-01
  5.46980842e-07  4.88663576e-07 -3.01282958e-07  1.74206236e-07
 -1.60460088e-07  9.22582095e-08  8.15970810e-08  1.60354379e-08
  3.83717207e-09 -9.94930254e-08 -7.37704461e-08 -5.11499998e-08]
row=62:
[ 2.61787804e+01  7.51833263e+00  5.32694937e+00  3.93524480e+00
  2.39830713e+00  1.82380214e+00  1.36740227e+00  7.00004143e-01
  4.12304872e-01  6.62484152e-02 -2.74127761e-07  2.86230211e-07
 -1.72186363e-07 -9.41214099e-08  1.98993028e-07  1.56863751e-07
  1.87470119e-08  5.06744315e-09  8.56388564e-08  1.06162619e-07]
row=63:
[ 1.78197330e+01  4.46415605e+00  1.75640088e+00  9.95506773e-01
  1.31606745e+00  3.45010964e-07  2.41267848e-07 -2.01939856e-07
 -1.45281461e-07  1.20309084e-07 -9.83223167e-08 -7.34399967e-08
  5.27130107e-08 -3.78565455e-08  3.03807218e-08 -1.03251749e-08
  1.91186326e-08  1.45318659e-08  3.46821512e-09  4.83172976e-12]
row=64:
[ 3.00073620e+01  7.41237793e+00  5.70014581e+00  4.78089065e+00
  3.10146632e+00  2.29124271e+00  1.90122713e+00  4.08659853e-01
  1.01868578e+00  9.33130976e-01 -4.92713551e-07  4.20338672e-07
  2.18451592e-07 -1.45287894e-07 -1.11816346e-07 -1.26432098e-07
  1.26458569e-07  8.06224057e-08 -1.83162618e-09  4.17180193e-08]
row=65:
[ 2.29069740e+01  5.95445929e+00  3.73080137e+00  2.81824394e+00
  2.11229502e+00  1.39754079e+00  9.81163666e-01  7.14509757e-01
 -1.91743994e-07  2.58140436e-07  2.39818893e-07 -1.21944300e-07
  1.25022559e-07  1.08143763e-07  8.57621439e-08  4.23353599e-08
  3.05466586e-08 -8.39885839e-09 -3.68409627e-08 -2.42075340e-08]
row=66:
[ 2.07755119e+01  6.74756033e+00  3.32855468e+00  2.11805092e+00
  1.40175115e+00  1.19483001e+00  4.84638042e-01 -3.12274013e-07
  2.58900810e-07  1.79361202e-07 -1.70536293e-07 -1.56085708e-07
 -9.50125127e-08 -7.94926970e-08  7.43308866e-08  4.70570248e-08
 -3.98656522e-08 -1.14238875e-08  9.04266954e-09  4.80896578e-09]
row=67:
[ 2.82795933e+01  4.22817904e+00  3.50096049e+00  2.34936861e+00
  2.02252715e+00  1.54349083e+00  9.97460243e-01  8.23551558e-01
  5.12523202e-07  4.51491613e-07 -3.22342796e-07 -2.30860307e-07
 -1.42836898e-07  1.25273916e-07  1.09936593e-07 -7.29831835e-08
 -5.15112286e-08 -2.02017003e-08  1.23121708e-08  5.63215228e-08]
row=68:
[ 2.61062515e+01  4.97882792e+00  4.01007544e+00  2.79730705e+00
  2.26402848e+00  1.44652626e+00  9.02062643e-01  5.77519247e-01
  5.18247921e-07 -3.53531126e-07  1.94760030e-07 -2.33617526e-07
 -2.09888020e-07  1.03418223e-07 -1.21460675e-07 -9.14834471e-08
  3.66113264e-08 -4.62932850e-08 -1.98407893e-08  5.09682359e-09]
row=69:
[ 1.52445933e+01  4.80918353e+00  2.50969537e+00  1.96841191e+00
  9.90004322e-01  2.50656418e-07 -2.46330343e-07 -1.42743747e-07
 -1.11647926e-07  9.64009791e-08  6.46526197e-08  3.73404261e-08
  3.47099535e-08 -5.27280591e-08 -4.50090257e-08 -3.48180306e-08
 -2.35655203e-08  6.97858758e-09  9.16759541e-10 -1.17883450e-08]
row=70:
[ 2.06465860e+01  5.31947457e+00  2.99488646e+00  2.01627908e+00
  1.71624521e+00  1.05725966e+00  2.53693488e-01  3.14058998e-07
 -2.59451760e-07 -1.89566511e-07 -1.86444618e-07  1.72213787e-07
  1.33089856e-07 -1.06961968e-07  9.76765322e-08  6.53326963e-08
  5.34757683e-08 -4.76858634e-08 -5.40898595e-09 -3.24644981e-08]
row=71:
[ 2.96100961e+01  7.40196555e+00  5.10278473e+00  4.30741332e+00
  3.31665230e+00  2.19762157e+00  9.41905242e-01  4.36346198e-01
  7.15807738e-01  6.10588444e-01  5.79852543e-07 -3.57531023e-07
 -2.31002698e-07 -1.51999064e-07  1.85872412e-07  1.33549719e-07
 -5.98843397e-08  5.04611714e-08  1.53101256e-08 -1.67122100e-08]
row=72:
[ 2.11594562e+01  5.64797917e+00  4.37897843e+00  2.67004045e+00
  1.52072599e+00  1.16017343e+00  3.29172232e-01 -3.40452155e-07
 -1.70382093e-07 -1.43788585e-07  1.77536265e-07  1.47312990e-07
  1.25527586e-07  5.08182744e-08  3.37420459e-08 -3.05211348e-10
 -1.22426544e-08 -4.48875296e-08 -6.98166304e-08  0.00000000e+00]
row=73:
[ 2.64452987e+01  1.03583288e+01  6.14291215e+00  4.49065761e+00
  3.18184632e+00  2.83798111e+00  2.57189267e+00  1.60494587e+00
  7.57403980e-01  4.54911669e-01  2.72829642e-07  2.28426247e-07
 -2.17452173e-07 -1.99721734e-07  9.97921043e-08 -1.00350388e-07
  2.96337876e-08  1.50097291e-08 -3.95314705e-08 -1.72001855e-08]
row=74:
[ 2.19284761e+01  6.29491456e+00  4.82524774e+00  2.15064149e+00
  1.65275448e+00  1.24509366e+00  9.45563111e-01 -3.56391235e-07
 -2.88970588e-07  1.80886636e-07  1.20236779e-07 -2.15962405e-07
 -1.80730521e-07 -1.37363627e-07  7.00856372e-08 -5.92949121e-08
 -3.25907850e-08  1.92908019e-08 -2.12261567e-09  1.60527468e-09]
row=75:
[ 3.06028895e+01  7.59947563e+00  6.15102173e+00  4.95834667e+00
  4.04137668e+00  2.73111294e+00  2.47832243e+00  1.09454789e+00
  8.01800051e-01  5.82870195e-01 -3.98182099e-07  2.92527175e-07
 -2.36383982e-07  1.85413721e-07 -1.59550017e-07  9.54980242e-08
  3.78951052e-08 -7.16006375e-08 -3.44203381e-08 -6.37765626e-09]
row=76:
[ 1.75841934e+01  3.70982814e+00  2.40432891e+00  2.09237469e+00
  1.64417348e+00  2.91858695e-07 -2.48670400e-07  2.08699022e-07
 -1.70489691e-07  1.14482393e-07 -9.60067589e-08  6.90109579e-08
 -7.68011976e-08 -5.36921940e-08  4.29107164e-08 -2.05826643e-08
  1.15334799e-08  8.76723528e-09 -2.77534142e-09  2.53008216e-11]
row=77:
[ 3.22789750e+01  8.96689916e+00  6.80851756e+00  4.59437391e+00
  3.17747432e+00  2.67256192e+00  2.03364978e+00  3.72411096e-01
  8.23737311e-01  6.48639927e-01  2.80621251e-07  2.04481411e-07
 -3.26296229e-07 -2.26733267e-07 -2.19624712e-07 -1.52059741e-07
 -1.23962863e-07 -7.48020415e-08  3.08778777e-08  1.22197325e-08]
row=78:
[ 1.95842295e+01  4.44870150e+00  4.11826643e+00  1.44113992e+00
  1.15584582e+00  7.18967717e-01  5.01012710e-07  2.69000905e-07
 -2.95739671e-07 -2.09378554e-07  1.39353275e-07 -1.45325660e-07
  7.12892413e-08 -9.04026104e-08 -5.41026535e-08 -2.97617687e-08
 -1.50861630e-08 -3.04318191e-09  2.11771746e-08  1.49200732e-08]
row=79:
[ 2.95055070e+01  7.72998857e+00  6.39933502e+00  5.20283651e+00
  3.43200551e+00  2.45541470e+00  1.91391103e+00  1.04576049e+00
  7.04602620e-01  3.47983487e-01 -4.61937987e-07 -3.08010026e-07
  1.48351977e-07 -1.46296180e-07  7.38064059e-08  5.68150147e-08
  8.81213406e-09 -6.92304024e-08 -6.62333562e-08 -2.47063847e-08]
row=80:
[ 1.72695424e+01  5.35551665e+00  3.95989214e+00  1.53129991e+00
  2.36322717e+00  2.94010059e+00  3.20503139e-07  2.34093368e-07
 -2.52823082e-07 -1.65216947e-07  1.15026109e-07  7.67820844e-08
 -1.03829816e-07 -7.79639123e-08  5.02129524e-08  2.83015767e-08
  4.15728281e-09 -4.63167210e-09 -3.43684806e-08 -4.83760177e-08]
row=81:
[ 1.62150010e+01  3.83105932e+00  2.02030365e+00  7.74023101e-01
  2.64452760e-07  2.06287445e-07 -2.31297124e-07 -1.90068283e-07
  1.20320329e-07 -1.36994473e-07  9.53846466e-08  4.76101573e-08
 -6.72796339e-08 -5.65534543e-08  1.68994574e-08 -2.72613943e-08
 -1.67247894e-08 -8.99428890e-09 -6.17030654e-10  2.25545694e-10]
row=82:
[ 1.69930334e+01  4.66395905e+00  3.41785540e+00  8.71194216e-01
  2.10155956e+00  1.80540212e+00  2.38556534e-07 -1.81841357e-07
  1.35482272e-07  1.15824820e-07  7.23277918e-08  6.17278117e-08
 -9.50389971e-08 -6.39319968e-08 -6.72215243e-08 -4.51207738e-08
 -3.49503804e-08  3.20629664e-08  2.21812082e-08  7.56676947e-09]
row=83:
[ 3.17913344e+01  1.04175354e+01  5.88295604e+00  4.36638949e+00
  2.54028932e+00  1.92610979e+00  9.93331881e-01  9.28322434e-01
  5.84469923e-01  3.97556167e-01  3.25567496e-07 -3.65639176e-07
  2.03593627e-07 -1.68206133e-07 -1.82875505e-07 -4.26420900e-08
 -1.11502229e-08  6.82119361e-09  3.48464495e-08  2.66807847e-08]
row=84:
[ 2.31861831e+01  6.14768863e+00  3.30055870e+00  2.81281341e+00
  1.95386846e+00  1.64984619e+00  7.25334952e-01  5.56856820e-01
  3.10008777e-07 -3.03137232e-07  2.03782507e-07 -1.93778107e-07
 -1.90316395e-07  8.70905116e-08  5.30471756e-08  8.67928242e-09
 -1.09699895e-07 -8.25062516e-08 -3.16455360e-08 -4.33747724e-08]
row=85:
[ 1.43392642e+01  4.01761650e+00  1.34475449e+00  2.31998433e+00
  3.20711530e+00  2.23890234e-07  1.93493226e-07 -1.86293593e-07
 -1.37719761e-07  9.85159933e-08  7.04478681e-08 -8.54207918e-08
 -5.65085498e-08 -5.37318132e-08  3.80599528e-08  2.58662570e-08
 -2.57587174e-08 -1.14400956e-08 -2.77647597e-10  1.13441967e-08]
row=86:
[ 2.83400316e+01  6.31867141e+00  2.44354457e+00  2.09874231e+00
  1.63178280e+00  1.27238098e+00  9.52797400e-01  5.95434438e-01
 -6.29649075e-07  3.92900109e-07 -3.19055649e-07  2.85482177e-07
  1.75235012e-07 -1.63168344e-07  5.50013670e-08 -7.73748749e-08
  1.29343165e-08 -5.55507682e-08 -1.45380738e-08 -2.66964415e-08]
row=87:
[ 2.63932204e+01  7.01015012e+00  6.42349670e+00  4.90139726e+00
  3.71473354e+00  2.57010973e+00  1.23772050e+00  4.11362198e-01
  6.39754570e-01  7.98940740e-01 -2.14564793e-07 -1.90158128e-07
  1.86373227e-07 -8.55793433e-08 -2.38325519e-08 -3.38717597e-09
  1.05824483e-07  3.53796899e-08  5.91244067e-08  7.89089120e-08]
row=88:
[ 2.62247497e+01  7.43524895e+00  4.24521172e+00  2.85600236e+00
  1.98943839e+00  7.55418866e-01  9.49411735e-01  1.17259312e+00
 -5.11606986e-07 -3.27392735e-07 -2.18444535e-07  3.19759683e-07
 -9.84250856e-08  2.21083399e-07 -4.61970782e-08 -1.38599772e-08
  1.58154628e-07  1.25578289e-07  9.11972945e-08  3.78490595e-08]
row=89:
[ 2.65574944e+01  6.02087024e+00  3.73902068e+00  2.67261363e+00
  2.47540764e+00  1.82577029e+00  1.00084344e+00  7.26120706e-01
  4.04419553e-07 -3.72215886e-07 -3.07191319e-07 -1.68469676e-07
 -1.15102563e-07  2.00697584e-07 -5.23768199e-08 -2.96441781e-08
  3.63311000e-08  7.92786342e-08  1.37352967e-07  1.17269041e-07]
row=90:
[ 3.49499481e+01  8.98642108e+00  5.72398665e+00  3.95421299e+00
  3.21939768e+00  1.77383984e+00  1.32301165e+00  8.72496544e-01
  3.85093210e-01  5.99233677e-01 -4.24905213e-07  3.81945710e-07
 -2.88243789e-07  2.63131346e-07  1.69056376e-07 -1.22303863e-07
 -8.06792582e-08 -2.02151325e-08  1.82726269e-08  5.50210683e-08]
row=91:
[ 2.22832655e+01  4.96934561e+00  2.96613022e+00  2.71694946e+00
  1.91136298e+00  1.41033000e+00  9.41055372e-01  4.38793228e-07
 -1.86106427e-07 -1.66053959e-07  1.33162522e-07  1.24991854e-07
 -1.32223993e-07  7.50075261e-08 -7.72293009e-08 -5.44993873e-08
  3.04713121e-08  1.28333026e-08 -5.50032614e-09 -2.36688375e-08]
row=92:
[ 2.38048352e+01  6.13943084e+00  3.97112632e+00  2.87364526e+00
  2.47286648e+00  1.80349747e+00  1.17156278e+00  7.67715402e-01
 -2.84084015e-07  2.88389178e-07 -1.93013396e-07  2.33329913e-07
 -1.31675799e-07 -8.27344456e-08  1.25449809e-07  1.29238231e-07
  3.82857332e-09  7.16603039e-08  4.35545429e-08  5.76144487e-08]
row=93:
[ 1.79210487e+01  3.60240774e+00  2.52703256e+00  1.27605865e+00
  6.45512675e-01 -2.90920708e-07  2.50130143e-07  2.03834610e-07
  1.81864379e-07 -1.30515323e-07 -7.12128936e-08  8.46973903e-08
 -4.94030235e-08  5.67230980e-08  4.55371364e-08  3.15612912e-08
  2.10248925e-08  1.58666955e-09 -2.18693696e-08 -2.90102238e-08]
row=94:
[ 2.27589291e+01  4.70061861e+00  3.46228650e+00  2.30387608e+00
  2.47638084e+00  1.43240161e+00  5.69026304e-01  3.11311551e-07
 -3.37405598e-07 -2.94353621e-07  1.85919850e-07 -1.27984799e-07
  1.01223059e-07  6.80263743e-08  3.88648141e-08 -6.17990776e-08
 -4.24264256e-08 -2.23232255e-08 -3.10446407e-09  1.18426208e-08]
row=95:
[ 2.74443796e+01  7.00296470e+00  4.76240841e+00  3.75220453e+00
  3.07588850e+00  2.02368687e+00  1.81273179e+00  1.14620341e+00
  7.14281211e-01  3.23160158e-01 -3.01594213e-07  2.19334442e-07
  1.50292154e-07  1.10280168e-07 -1.65111294e-07  2.74833743e-08
  5.70352096e-09 -9.42726374e-08 -3.88311660e-08 -5.92623297e-08]
row=96:
[ 2.42850736e+01  5.07496252e+00  3.61838446e+00  3.02088983e+00
  2.68182285e+00  1.55336912e+00  6.19109812e-01  3.24514016e-01
 -3.47101034e-07  3.47667605e-07  2.81067579e-07  1.97827113e-07
 -1.73900780e-07 -1.32822320e-07 -1.00055448e-07 -4.11282339e-08
  9.72360067e-08  6.50410115e-08  4.55368685e-08  3.53898020e-08]
row=97:
[ 2.80114150e+01  7.54222763e+00  6.65533773e+00  5.57700197e+00
  4.21702326e+00  1.82505392e+00  1.69837446e+00  1.16661969e+00
  4.78298398e-01  3.70543515e-01  3.91244075e-07  2.59439125e-07
  1.28462470e-07 -2.50052512e-07 -2.25212519e-07 -1.74324951e-07
  1.04935923e-08 -3.41982611e-08 -7.03440733e-08 -8.73711143e-08]
row=98:
[ 1.60062500e+01  2.37643314e+00  1.28355286e+00  8.18377638e-01
 -3.62280054e-07  2.55937817e-07 -1.63574646e-07  1.49612124e-07
  1.06314629e-07 -1.00514595e-07  5.70444703e-08 -5.91953707e-08
 -3.20903021e-08  2.71549812e-08  1.73983064e-08 -1.03334493e-08
 -7.19803973e-09 -2.45542880e-09 -1.44315566e-10  0.00000000e+00]
row=99:
[ 3.18779222e+01  9.20446172e+00  6.29326930e+00  4.83123304e+00
  3.32934673e+00  2.54840511e+00  2.14688574e+00  1.23285745e+00
  1.05861933e+00  2.79862362e-01  4.52390746e-07 -2.56999771e-07
  1.99060850e-07  1.73673767e-07  6.54365785e-08  3.13478844e-08
 -1.65210715e-09 -2.82911131e-08 -1.24503290e-07 -9.22602725e-08]
row=100:
[ 1.69440592e+01  3.13074035e+00  1.29785734e+00  9.45302375e-01
  3.96038732e-07 -2.43248384e-07  2.00129198e-07 -1.36621514e-07
 -1.31431788e-07 -7.66287671e-08  7.79586168e-08  5.42104816e-08
  4.08128593e-08 -3.04619772e-08  2.69037061e-08 -2.05865709e-08
  1.41321100e-08  4.99780939e-09 -2.31649286e-09 -3.66834303e-09]
row=101:
[ 2.13058432e+01  4.73480854e+00  4.01890338e+00  2.13371258e+00
  1.94990570e+00  1.11184944e+00  1.31845699e+00 -2.77780917e-07
  1.93036953e-07 -1.95387281e-07 -1.45989000e-07  1.38060366e-07
  1.03408139e-07 -7.31388039e-08 -6.34773624e-08  4.30278248e-08
  4.00379654e-08  1.39809073e-08 -9.04453938e-09 -2.08040578e-08]
row=102:
[ 1.69975475e+01  4.16090047e+00  1.24692719e+00  2.07921294e+00
 -2.49287976e-07 -2.09474963e-07  2.34581944e-07  1.91626426e-07
  1.56412920e-07  1.02370235e-07  6.16878072e-08 -4.55694224e-08
 -3.80502278e-08  3.42001109e-08  2.70950311e-08  1.09692686e-08
 -3.60625361e-09  2.00804878e-09  8.36731693e-10  0.00000000e+00]
row=103:
[ 2.07620005e+01  4.11314873e+00  1.66738189e+00  1.97353972e+00
  1.13045188e+00  7.30912497e-01  6.62217642e-01 -3.96978494e-07
  2.88107101e-07  2.25185967e-07  1.28764313e-07 -1.10218995e-07
 -8.68833857e-08  9.25691592e-08 -7.33901225e-08 -3.43767354e-08
  5.86767902e-08  3.46808421e-08  8.10453750e-09 -5.02097334e-10]
row=104:
[ 2.33484490e+01  6.41865527e+00  4.14273994e+00  4.76085611e+00
  1.85298385e+00  1.24484421e+00  4.53608656e-01  8.00735291e-01
 -4.05589148e-07 -2.52960778e-07 -2.35685947e-07  3.63737672e-07
  2.83363999e-07  2.20591125e-07 -1.26341973e-07 -6.03559621e-08
 -3.10359953e-08  9.82446095e-08  3.25629850e-08  4.10351680e-08]
row=105:
[ 1.52681457e+01  4.82729114e+00  2.69096155e+00  2.23867751e+00
  1.07372695e+00  2.62887977e-07 -2.02233560e-07  2.11436908e-07
  1.45535986e-07 -9.67172067e-08  1.13433714e-07 -7.47670995e-08
  8.26822857e-08 -4.14523979e-08 -1.47656189e-08 -8.91425219e-09
  4.63924006e-08  9.42414908e-09  3.21144864e-08  2.25229964e-08]
row=106:
[ 2.00109013e+01  4.44216124e+00  3.06880604e+00  2.25947887e+00
  1.35049412e+00  9.29373558e-01  2.83828110e-07  2.31378314e-07
 -1.89376244e-07  1.12099247e-07 -9.14976467e-08 -7.68805166e-08
 -5.30448016e-08 -3.31028711e-08  7.37001233e-08 -1.21727119e-08
  5.79295659e-09  2.01679635e-08  5.40029903e-08  4.16937697e-08]
row=107:
[ 2.65854964e+01  8.26466260e+00  6.57007157e+00  4.93837863e+00
  4.01452267e+00  2.28490038e+00  1.87267382e+00  1.42638740e+00
  9.56132082e-01  7.96863829e-01 -2.66340636e-07  2.08300074e-07
  1.42191355e-07  1.15808049e-07 -1.61060740e-07 -1.36347974e-07
  4.14033237e-08 -1.31277290e-08 -3.68668105e-08 -6.05151188e-08]
row=108:
[ 2.33936745e+01  5.83539243e+00  4.23599106e+00  2.98984134e+00
  2.89350149e-01  1.93907101e+00  1.60189163e+00 -3.12674464e-07
 -2.87983366e-07 -1.27532220e-07 -1.05966419e-07  1.69330685e-07
  1.36778634e-07  1.26790608e-07 -5.17018664e-08 -2.79947355e-08
  8.90801102e-08  5.88178345e-08  1.52639334e-08  2.86879149e-08]
row=109:
[ 2.31144513e+01  6.02541354e+00  3.83709593e+00  2.62558462e+00
  2.19644330e+00  1.35351822e+00  9.40182790e-01  3.14888796e-01
  4.08549130e-07 -3.44931331e-07 -2.59244012e-07  2.23582807e-07
  1.49586368e-07 -1.28828658e-07 -8.32733415e-08 -5.59804080e-08
  4.44800244e-08 -2.05972134e-08  1.50185751e-08 -3.79983897e-09]
row=110:
[ 2.69671767e+01  6.88101802e+00  5.14345849e+00  4.21375537e+00
  3.06988289e+00  1.71978023e+00  1.30135239e+00  7.49951134e-01
  2.32849731e-01  4.36787081e-07 -3.55226033e-07 -2.94018653e-07
 -1.37192537e-07  1.71588853e-07 -8.47064256e-08  1.18213955e-07
  8.87623552e-08 -1.60545348e-08  2.71785983e-08  6.97620636e-09]
row=111:
[ 2.24331893e+01  5.55731664e+00  4.28850744e+00  3.73785736e+00
  1.58568534e+00  1.10293508e+00  9.71980091e-01  2.61324393e-07
  2.27449755e-07 -2.32363621e-07 -1.94062308e-07 -1.83517865e-07
  1.24093378e-07 -1.32825583e-07 -1.13084999e-07  6.26474095e-08
 -4.62171415e-09  1.85034892e-08  1.51301990e-08  4.99323575e-09]
row=112:
[ 2.15985788e+01  5.00961349e+00  4.36568443e+00  3.31279649e+00
  7.97149486e-01  1.04362217e+00  1.57269846e+00  3.02713280e-07
 -2.61793861e-07  2.38541679e-07 -1.76687340e-07 -1.28884803e-07
 -1.04017187e-07  1.33045883e-07 -3.70818210e-08 -1.77156392e-08
  1.04654512e-07  7.56713732e-08  2.98819949e-08  4.73770821e-08]
row=113:
[ 2.46891015e+01  5.50038950e+00  4.25508318e+00  2.94709519e+00
  2.08379468e+00  1.73925336e+00  1.28599143e+00  7.59529271e-01
  3.75088885e-07 -2.83617583e-07 -2.46860379e-07 -1.98133893e-07
 -1.10273452e-07  1.20977397e-07  9.82596823e-08 -5.68262130e-08
  5.61309460e-08 -2.80906136e-08  3.13380195e-08  1.71457327e-08]
row=114:
[ 1.53275489e+01  4.41680376e+00  3.58445951e+00  1.24959239e+00
  2.10087298e+00  2.65756572e-07 -2.18693023e-07  1.53353722e-07
 -1.44085412e-07  1.19103129e-07 -9.74613024e-08 -7.51563482e-08
  5.47767275e-08 -4.17941106e-08  2.68104531e-08 -2.10149499e-08
 -1.47227062e-08  4.94006509e-09 -6.58851193e-10 -5.48063908e-09]
row=115:
[ 2.44027222e+01  4.61083986e+00  3.32379769e+00  2.03067769e+00
  1.45533693e+00  9.09724777e-01  5.20219798e-01  3.11092458e-07
  2.21685256e-07 -2.30440872e-07  1.17589544e-07  8.74989614e-08
  6.56033751e-08 -1.34685263e-07 -1.08623396e-07  1.47149812e-08
 -9.70463448e-09 -3.34999143e-08 -5.97576888e-08 -7.49266135e-08]
row=116:
[ 2.95906393e+01  6.36595826e+00  5.34443317e+00  4.19663078e+00
  3.39441306e+00  2.76197220e+00  2.33549303e+00  9.25644563e-01
  4.98792958e-01  3.93765846e-01 -3.76790106e-07  3.55999260e-07
  1.63911374e-07 -1.39254721e-07 -7.82941360e-08 -5.16792402e-08
  4.27088465e-08  1.60566936e-08  7.91796310e-09 -6.93378778e-09]
row=117:
[ 1.67278663e+01  4.02085371e+00  1.77165261e+00  9.34567657e-01
 -3.60996038e-07  2.74010140e-07  2.18360639e-07 -1.60382833e-07
 -8.59205736e-08  1.09461409e-07 -6.12215069e-08  8.31390994e-08
  6.20038911e-08  4.98096147e-08  4.34773292e-08 -1.93216677e-08
 -5.83448814e-09 -1.58440622e-09  1.13065431e-08  1.08961457e-08]
row=118:
[ 2.35056952e+01  7.18118468e+00  3.20085106e+00  2.38456624e+00
  4.15882745e-01  1.14150840e+00  1.70309223e+00  1.56376872e+00
  4.55204272e-07 -3.04985212e-07 -2.27766808e-07 -1.24688762e-07
  2.19820309e-07 -6.43374746e-08 -3.50181777e-08  4.45862877e-10
  4.10119861e-08  8.07175467e-08  1.65673665e-07  1.33914432e-07]
row=119:
[ 3.12043714e+01  7.84026768e+00  5.52383208e+00  4.10650511e+00
  3.50863483e+00  2.49582547e+00  2.02687681e+00  1.50731093e+00
  1.16468361e+00  7.58512383e-01  4.76988658e-07 -5.36492156e-07
  1.64458564e-07  5.64356446e-08  3.13427168e-08 -2.40787075e-08
 -9.20124720e-08 -1.29661454e-07 -2.30926607e-07 -2.45048007e-07]
row=120:
[ 1.26052948e+01  4.43539792e+00  3.40718703e+00  1.05920869e+00
 -1.64289511e-07 -1.33355836e-07  1.85176268e-07  1.57156316e-07
  1.09113646e-07  9.40733034e-08  6.93894303e-08 -3.52710643e-08
  5.43231732e-08  4.45744355e-08  2.74553222e-08 -1.36805206e-08
  5.31900454e-09 -5.37916037e-09  5.00260324e-10 -2.88510987e-09]
row=121:
[ 2.84835402e+01  7.50486430e+00  3.81967414e+00  2.94180553e+00
  2.13329716e+00  1.81095221e+00  1.43225554e+00  7.62980254e-01
  3.45049780e-01  3.48087728e-07 -4.26311852e-07 -3.29908209e-07
 -2.20186294e-07 -1.21292778e-07  1.14024675e-07 -3.74967636e-08
  4.57351006e-08 -9.94283866e-09  2.33736744e-08  1.18939994e-08]
row=122:
[ 3.13499889e+01  6.04883293e+00  5.36002559e+00  4.81715753e+00
  3.68623407e+00  2.06227384e+00  3.99829718e-01  1.70608019e+00
  1.27523463e+00  1.03309088e+00  5.24259977e-07 -3.42878170e-07
  2.56649450e-07  1.72237132e-07 -2.20833040e-07  7.91725197e-08
  2.33928251e-09 -2.20564583e-08 -1.49351297e-07 -1.23669670e-07]
row=123:
[ 1.23196302e+01  3.26005928e+00  1.83875205e+00  1.24878710e+00
 -2.04431944e-07  1.41765664e-07 -1.28180839e-07 -1.21661134e-07
  9.78684957e-08 -6.22614802e-08  6.82102115e-08  5.14610586e-08
  3.88437376e-08 -3.22563192e-08 -2.13458760e-08 -1.66485850e-08
  2.08695264e-08  1.19156203e-09  8.79191273e-09  0.00000000e+00]
row=124:
[ 3.00068005e+01  7.26198492e+00  5.25344364e+00  4.74411597e+00
  2.75401948e+00  2.38684815e+00  1.61650914e+00  1.38515939e+00
  9.90633601e-01  5.49090243e-01 -3.42574665e-07 -2.93912860e-07
  2.00184902e-07 -1.99324433e-07  1.26684560e-07 -1.20693867e-07
  6.47456679e-08  8.16988341e-09 -4.13373988e-08 -4.97352181e-08]
row=125:
[ 1.07584781e+01  5.01700998e+00  1.65155042e+00  1.07383556e+00
 -9.73980371e-08  1.08639281e-07  9.14722498e-08 -7.52918423e-08
 -5.64950729e-08 -3.93543287e-08  4.51739300e-08 -1.85152735e-08
  2.98548334e-08 -9.35701725e-09 -3.57184629e-09  1.87554400e-08
  6.08890827e-09  1.41862498e-08  1.17685093e-08  0.00000000e+00]
row=126:
[ 2.48958056e+01  5.08958552e+00  3.53717755e+00  2.19555825e+00
  1.70598535e+00  1.06916751e+00  8.38777026e-01  2.29857728e-01
  3.59345509e-07 -2.94452705e-07 -2.16769649e-07  1.19592552e-07
 -1.30554118e-07 -1.09107503e-07 -7.47999302e-08  5.61879658e-08
  4.19991137e-08  3.83114815e-08 -3.27013072e-08 -1.22901744e-08]
row=127:
[ 1.39981881e+01  3.45001565e+00  2.13977548e+00  1.26176175e+00
 -3.65822064e-07  2.09482139e-07  1.50238997e-07 -1.20958427e-07
  1.09593205e-07 -7.78413988e-08  7.96692751e-08 -5.37406848e-08
  5.68422270e-08  3.02339160e-08 -2.21647636e-08 -1.90885238e-08
  1.88379808e-08  8.61447717e-09 -2.97171501e-09  2.41007435e-09]
row=128:
[ 1.57336019e+01  3.08373618e+00  1.35950813e+00  1.53370867e+00
  2.78007047e-07  2.02009017e-07 -1.76007748e-07 -1.48274138e-07
  7.52668354e-08  5.09437672e-08  3.93466520e-08 -4.20760377e-08
 -2.83766529e-08 -2.05010285e-08 -1.68798876e-08 -1.06222615e-08
  1.82900337e-08  8.79911265e-09  7.03301655e-09  0.00000000e+00]
row=129:
[ 2.34487128e+01  4.89977316e+00  3.87074071e+00  3.44212965e+00
  7.94001460e-01  1.66273898e+00  1.44720629e+00  4.30799430e-07
  2.45259604e-07 -1.76735233e-07 -1.49608925e-07 -1.29874280e-07
  1.72198967e-07  1.39226536e-07 -5.66140209e-08  8.78143909e-08
  6.65946178e-08 -2.15713284e-08  3.07965405e-08  1.43831312e-08]
row=130:
[ 2.47582694e+01  4.40759818e+00  3.55120790e+00  2.82446355e+00
  3.08362757e+00  1.22797925e+00  1.16760634e+00  6.22196553e-01
  2.93080668e-07 -2.65626854e-07  2.02083303e-07 -1.75357464e-07
 -1.24279131e-07 -1.17776730e-07  1.28074764e-07 -5.73259109e-08
  7.58865144e-08  5.42247700e-08 -5.89947123e-09  5.37785874e-09]
row=131:
[ 2.86973353e+01  5.36595803e+00  4.82716080e+00  4.67284866e+00
  3.74063209e+00  2.64257705e+00  1.78197699e+00  1.47039351e+00
  3.06343452e-01  3.64787868e-01  3.37681323e-07  2.43489426e-07
 -3.55551613e-07  8.38471491e-08 -2.26740471e-07  1.98957000e-08
 -1.97854435e-08 -8.99624200e-08 -1.54185270e-07 -1.30726495e-07]
row=132:
[ 2.27941172e+01  4.62800647e+00  3.79218297e+00  3.20201030e+00
  2.68145965e+00  1.42447015e+00  9.53693845e-01  5.15959895e-07
  3.32526905e-07 -1.74778311e-07  1.50463376e-07  1.18886378e-07
  9.73135545e-08 -1.15135148e-07  5.57967720e-08  3.28728822e-08
  1.17955665e-08 -8.91544779e-08 -3.55683740e-08 -6.37278593e-08]
row=133:
[ 2.64560972e+01  7.01809673e+00  5.59466399e+00  4.82363335e+00
  3.31797986e+00  3.00066448e+00  1.38197489e+00  3.91613244e-01
  6.69583620e-01  1.03565814e+00 -5.49396874e-07  4.63918447e-07
 -2.30931222e-07 -2.01555519e-07  2.13022577e-07 -6.77508778e-08
 -3.42306392e-08  2.79325414e-08  1.33261242e-07  1.11748947e-07]
row=134:
[ 2.25819749e+01  5.32753404e+00  5.64654538e+00  2.82616714e+00
  2.08430798e+00  1.42088257e+00  7.18553552e-01  2.65997154e-07
 -2.97382647e-07  2.28749627e-07 -2.10037023e-07 -1.75895236e-07
 -1.37753312e-07 -1.26354191e-07 -7.20859408e-08  1.03714067e-07
  9.17565940e-08 -1.84204556e-08  1.07079756e-08  4.40475811e-08]
row=135:
[ 2.32045988e+01  5.41243662e+00  4.35381210e+00  3.60439141e+00
  8.57210228e-01  2.12570100e+00  1.52587962e+00  3.36001756e-07
  3.12073687e-07 -2.04757899e-07 -1.29160346e-07  1.82945659e-07
  1.47748328e-07  1.18177193e-07 -5.05026739e-08  6.99826442e-08
  4.41616501e-08 -1.58114343e-08  1.12093079e-08 -9.66773306e-10]
row=136:
[ 2.68316863e+01  4.72138603e+00  5.12867701e+00  3.63150724e+00
  2.63596878e+00  1.64994993e+00  5.74795751e-01  1.02572314e+00
  1.20940558e+00 -3.78414036e-07  2.41909455e-07  2.20725782e-07
 -2.18951932e-07 -1.70174987e-07  1.06485068e-07 -6.75996925e-08
 -4.00273148e-08  1.90941755e-08 -1.74431228e-09  6.46772749e-09]
row=137:
[ 2.22977601e+01  3.74673646e+00  3.22372463e+00  2.63832133e+00
  1.54548857e+00  1.08236722e+00  4.52204139e-07  2.24472803e-07
 -2.31466162e-07 -2.40085727e-07 -1.75615546e-07 -1.13591345e-07
  1.17531635e-07  8.36594566e-08  7.34431565e-08 -4.14736395e-08
 -1.92704739e-08 -1.88645834e-09  1.41414007e-09  4.12900968e-09]
row=138:
[ 2.28153157e+01  5.01811969e+00  4.17084723e+00  2.52713664e+00
  1.04095315e+00  1.69043222e+00  1.51038179e+00 -3.92320332e-07
  2.16103058e-07  1.70563073e-07 -1.95612176e-07 -1.49339517e-07
  1.11344196e-07  7.65161969e-08  5.22503129e-08  3.85928832e-08
 -5.02263463e-08 -3.36011436e-08 -1.37215224e-08 -3.63827488e-09]
row=139:
[ 2.56856740e+01  6.13910790e+00  4.31462743e+00  3.19668699e+00
  4.57091718e-01  2.42984010e+00  1.78486572e+00  1.58672203e+00
  4.63810448e-07  2.86324462e-07  2.00076253e-07 -2.25588404e-07
 -1.73686858e-07  1.04756151e-07  7.54016601e-08 -8.62442472e-08
 -6.27691554e-08 -4.28408204e-08 -1.19795700e-08  9.36491197e-10]
row=140:
[ 3.26544277e+01  5.49553572e+00  4.79679087e+00  4.11729202e+00
  2.89534498e+00  2.13644113e+00  1.70044846e+00  4.88843984e-01
  9.65408325e-01  8.51286476e-01  3.57150960e-07  3.05814194e-07
  2.36371954e-07 -3.18163701e-07  1.06046850e-07 -2.42104662e-07
 -1.59773165e-07  7.62486761e-09 -7.33232422e-08 -4.11515302e-08]
row=141:
[ 2.62563481e+01  5.15151147e+00  4.69962954e+00  3.03860958e+00
  1.97903409e+00  1.60982294e+00  7.63030069e-01  3.92278528e-01
  6.02816456e-07 -4.98879638e-07  3.18740823e-07  1.04722153e-07
 -1.79644176e-07 -1.46849695e-07 -1.17391825e-07 -6.87026148e-08
 -1.73150838e-08  4.14739305e-09  1.31247886e-08  4.48603614e-08]
row=142:
[ 2.69781636e+01  5.42506161e+00  3.08975242e+00  2.59995478e+00
  2.13337803e+00  1.74383959e+00  9.86187277e-01  3.76740890e-01
 -3.83003102e-07  3.04427832e-07 -3.30058504e-07  1.88214479e-07
  1.44211656e-07  7.59191254e-08 -1.51217710e-07  2.36696381e-08
 -1.17253616e-07 -2.20676201e-08 -6.17042103e-08 -7.38835343e-08]
row=143:
[ 1.80565749e+01  4.81335891e+00  3.00217591e+00  1.45062199e+00
  9.21567271e-01 -4.32838449e-07  2.70775482e-07 -2.33968419e-07
  1.92586895e-07 -1.53749171e-07  1.33362931e-07  8.29952582e-08
 -8.07850224e-08  4.84406339e-08 -5.02094135e-08 -3.56598229e-08
  7.47196036e-09  6.48894614e-10 -9.85117737e-09 -2.06080123e-08]
row=144:
[ 1.99146439e+01  3.81933324e+00  2.92927573e+00  1.79641505e+00
  1.21535741e+00  1.16088822e+00  3.70154736e-07  1.86669989e-07
 -2.18792368e-07  1.26389130e-07 -1.70586646e-07 -1.35596435e-07
 -1.39273179e-07 -9.83669544e-08 -6.78004266e-08 -3.90732547e-08
  8.25248166e-08  5.15732011e-08  2.35454507e-08  3.56734529e-08]
row=145:
[ 2.08381119e+01  5.01883434e+00  9.91440693e-01  2.39135268e+00
  2.94221708e+00  2.81184685e+00 -2.51339188e-07  2.45843312e-07
  2.15704251e-07 -1.80127988e-07  1.00291919e-07 -1.11381888e-07
 -6.12806473e-08 -3.55550627e-08  3.58882505e-08 -1.01861511e-08
 -8.84692434e-10  6.51203791e-09  2.06393357e-08  1.81620540e-08]
row=146:
[ 1.88189371e+01  4.73408964e+00  4.02976513e+00  2.61075135e+00
  1.38981900e+00  7.51587431e-01 -3.15167942e-07  2.59183848e-07
  1.74531136e-07 -1.49508772e-07  1.26519754e-07 -1.06424138e-07
  8.08006582e-08 -5.10632920e-08 -4.38588137e-08  4.22887207e-08
 -1.85563436e-08 -8.87488585e-09  6.56479536e-09  1.71495401e-08]
row=147:
[ 2.76847339e+01  6.46864517e+00  4.87517315e+00  4.06154913e+00
  3.13513845e+00  2.17330921e+00  1.26198127e+00  4.50037990e-01
  2.03432540e-01  5.88896083e-07 -3.53211159e-07  2.72151146e-07
 -1.38589456e-07  1.74005912e-07  1.37053155e-07  7.59574570e-08
 -6.07949502e-08  3.62622773e-08 -2.70053274e-08 -6.75228377e-09]
row=148:
[ 2.05660361e+01  2.89396675e+00  1.29194418e+00  1.93160950e+00
  2.42002703e+00 -4.33308673e-07  2.80770312e-07 -2.08087601e-07
  1.90359867e-07 -1.64042922e-07 -1.40853588e-07 -8.22034888e-08
  8.59510246e-08  8.16749743e-08 -2.52481024e-08  6.17404540e-08
  4.50118900e-08 -4.99327120e-09  2.03073710e-08  1.33232829e-08]
row=149:
[ 2.43715890e+01  4.77633781e+00  4.21212255e+00  3.31904931e+00
  2.67955325e+00  1.89974651e+00  4.93203703e-01  9.16160921e-01
 -3.48939528e-07 -3.12537824e-07  2.45782203e-07  1.85843824e-07
 -1.85311003e-07 -1.47986437e-07  1.21584263e-07 -8.43657935e-08
 -3.50095207e-08  4.49347593e-08  2.04643897e-08  2.83644537e-08]
row=150:
[ 3.08262377e+01  6.27167850e+00  4.88316014e+00  2.72595330e+00
  1.81177132e+00  1.64634720e+00  8.30530145e-01  7.19912461e-01
  4.81462180e-01  3.83526420e-07 -3.59582725e-07 -3.14121872e-07
 -2.76216889e-07 -9.14222389e-08 -4.10480469e-08  1.35044856e-07
  1.28250859e-07  7.93730227e-08  4.56737807e-08  3.70261344e-08]
row=151:
[ 2.45331145e+01  6.62624878e+00  4.87966470e+00  2.80559173e+00
  2.34657701e+00  1.55359972e+00  8.10708421e-01  5.86263641e-01
  3.20722398e-07 -2.15638596e-07  1.76624580e-07 -1.50233441e-07
  9.56734237e-08  7.32683370e-08  4.87281159e-08  2.12048097e-08
 -5.80188095e-08 -4.27261299e-08 -5.92851958e-09 -1.73504702e-08]
row=152:
[ 1.75968293e+01  5.60679647e+00  3.39402370e+00  1.57568626e+00
  2.31682339e+00  3.66125830e-07 -2.89712988e-07  2.76629006e-07
  2.01856287e-07 -1.59531481e-07 -1.31045631e-07 -8.56149360e-08
 -6.62866446e-08  4.99100132e-08  3.58119153e-08 -1.88501833e-08
  1.80700188e-08  6.48077911e-09 -1.56398394e-09  6.43213878e-10]
row=153:
[ 2.63081622e+01  4.25621175e+00  3.11022487e+00  2.22809102e+00
  8.06476039e-01  1.29886239e+00  1.35237423e+00  5.45728553e-07
  3.63161960e-07 -2.89926069e-07 -2.71498384e-07  2.10684404e-07
 -1.44627791e-07  1.15639171e-07 -9.45246189e-08  7.62492864e-08
 -4.62352450e-08 -2.37369674e-08 -5.35478658e-09  1.75806324e-10]
row=154:
[ 3.16880753e+01  7.08186446e+00  4.02412009e+00  3.46339111e+00
  2.79390328e+00  2.42313613e+00  1.87784421e+00  1.30106879e+00
  8.27969816e-01  5.37132034e-01 -4.79946792e-07  3.32230435e-07
 -3.26401749e-07  2.12861775e-07  1.02136569e-07 -1.32819013e-07
 -8.11902586e-08  2.84175786e-08 -1.63783270e-08 -2.95095080e-08]
row=155:
[ 2.73098864e+01  4.99566591e+00  3.40674469e+00  7.25422072e-01
  8.19303517e-01  2.77506378e+00  2.48000694e+00  1.72671210e+00
  2.11928062e+00 -3.40952711e-07  3.05648388e-07  2.32011186e-07
  2.24819101e-07 -1.83428814e-07 -1.57517299e-07 -8.57350158e-08
 -2.88777551e-08  4.74425189e-09  4.85266906e-08  1.03286435e-07]
row=156:
[ 2.28150834e+01  5.61727086e+00  4.04442312e+00  2.73083887e+00
  1.69933116e+00  1.50439482e+00  8.74138277e-01  4.27195322e-01
 -3.31592919e-07 -2.47592737e-07  1.92814722e-07  1.61143522e-07
  1.21142862e-07 -1.63658361e-07 -1.39744787e-07 -9.02982903e-08
 -5.92028422e-08 -3.23530918e-08  7.80104826e-10  2.30117064e-08]
row=157:
[ 1.69572364e+01  4.54670086e+00  2.38088067e+00  1.53183124e+00
  7.40477181e-01 -3.49745824e-07  2.01467689e-07  1.45468419e-07
 -1.29250811e-07 -7.95121329e-08 -6.70668436e-08 -5.50211222e-08
  4.02072714e-08  3.29629628e-08 -2.22385050e-08 -1.38041585e-08
  1.88667574e-08  1.01892692e-08  8.69320523e-10 -2.45554538e-09]
row=158:
[ 1.84652800e+01  4.91684406e+00  3.66767954e+00  3.05266894e+00
  2.21016655e+00  1.27056562e+00 -2.56351512e-07 -2.04859880e-07
  1.83472690e-07 -1.52807733e-07 -1.00894351e-07  1.32850643e-07
  1.08175512e-07  1.01747374e-07  6.59803542e-08  5.40659647e-08
 -5.07814173e-08 -5.89004127e-09 -2.87461366e-08 -2.31852756e-08]
row=159:
[ 2.88228846e+01  7.06916957e+00  4.84604562e+00  3.20564833e+00
  2.43122278e+00  2.24770153e+00  1.67966565e+00  3.00779399e-01
  7.58294038e-01  1.17885272e+00  8.03552199e-07 -3.35153961e-07
 -1.52398102e-07 -6.82170727e-08 -1.05562575e-08  1.78457107e-07
  1.85447848e-07  1.11519209e-07  9.50749430e-08  5.95074625e-08]
row=160:
[ 3.08260690e+01  8.93332333e+00  5.62470336e+00  5.26864976e+00
  2.29493736e+00  1.55404987e+00  8.41329280e-01  4.88967565e-01
  3.24824308e-01  4.38184227e-07 -2.89666928e-07  1.76780713e-07
 -1.79211695e-07 -1.20504916e-07 -1.25799517e-07  8.13554535e-08
  5.73408855e-08 -3.95995708e-08 -8.94084543e-09  2.18711388e-08]
row=161:
[ 2.28681491e+01  5.14276526e+00  4.48675909e+00  3.84652717e+00
  2.16794180e+00  1.45584937e+00  8.74028064e-01  9.11282415e-01
 -2.83147439e-07 -2.37240492e-07  2.47905799e-07 -1.63862381e-07
  1.92056227e-07  1.49040642e-07  1.36244182e-07  7.21827772e-08
  3.70484306e-08  1.51974970e-08  5.22604768e-12 -5.05803484e-08]
row=162:
[ 1.57187425e+01  4.59146720e+00  2.12955459e+00  8.38871921e-01
  2.65433772e-07 -2.47479725e-07 -1.73537990e-07  1.56527023e-07
 -1.04199205e-07  8.33461817e-08 -4.56187738e-08 -2.17594723e-08
  4.93630919e-08 -8.12460205e-09  3.33413891e-08 -1.23357494e-09
  7.18030546e-09  1.05854108e-08  2.23777174e-08  1.72058107e-08]
row=163:
[ 1.35485492e+01  4.71265242e+00  3.63476186e+00  2.50674437e+00
 -2.38940937e-07  2.16221777e-07  1.45616364e-07 -1.13541354e-07
  8.71755041e-08 -9.20287299e-08  5.91355401e-08 -4.48321942e-08
 -4.14781420e-08  2.74634320e-08 -1.96734374e-08 -6.09117808e-09
 -3.03476321e-10  3.98634839e-09  2.86638665e-09  0.00000000e+00]
row=164:
[ 2.56244601e+01  5.77166168e+00  4.22686420e+00  2.63171874e+00
  2.28428502e+00  1.52343697e+00  1.14365476e+00  4.26374499e-01
 -4.89882793e-07  3.38073314e-07  3.05984957e-07 -2.33173180e-07
  1.75150693e-07 -1.21897889e-07 -8.40557671e-08 -5.98197488e-08
  9.46597759e-08  7.24945396e-08  3.63115103e-08  4.49188697e-08]
row=165:
[ 2.20782715e+01  5.82812232e+00  3.94015818e+00  3.10474980e+00
  1.93103178e+00  1.25398357e+00  9.28019499e-01 -2.29855581e-07
 -1.94242607e-07  2.37520184e-07 -9.42910850e-08  1.33258930e-07
  1.09573189e-07 -6.33945605e-08 -3.36489867e-08 -2.82105440e-09
  4.57669864e-09  2.96073740e-08  5.52794024e-08  5.74914209e-08]
row=166:
[ 3.19353578e+01  5.97923933e+00  4.84435844e+00  2.79401730e+00
  2.08470099e+00  1.85992599e+00  1.45138117e+00  5.92743550e-01
  1.01048824e+00  9.33112000e-01 -3.11754499e-07 -2.55188734e-07
 -1.74817494e-07  3.14032769e-07  2.21843077e-07  1.40938581e-07
  7.75534634e-08  8.50371472e-09 -3.28299544e-08 -2.51827033e-08]
row=167:
[ 3.00150110e+01  5.84071573e+00  4.50522838e+00  3.53812010e+00
  2.12943116e+00  1.80340649e+00  1.49639155e+00  1.05110073e+00
  7.76235498e-01  3.02150595e-01  6.82965090e-07 -2.70552767e-07
 -1.69450863e-07  2.65731510e-07  2.06297721e-07 -4.56219080e-08
 -2.52815442e-08  8.12910636e-08  6.25818610e-08  1.35885433e-07]
row=168:
[ 1.72858536e+01  4.31613600e+00  3.58296196e+00  2.24484815e+00
  1.56781061e+00  6.60202437e-01 -1.94324434e-07  1.70904748e-07
 -1.37781168e-07  1.37813128e-07 -7.98497580e-08 -7.16320444e-08
 -6.22210538e-08 -3.15515793e-08 -1.94330352e-08  2.72272394e-09
  7.16961706e-08  5.67798846e-08  4.47820693e-08  3.20601545e-08]
row=169:
[ 2.02786920e+01  5.47728944e+00  4.46059386e+00  2.82452873e+00
  2.10113361e+00  1.51437992e+00  6.30019574e-01  2.99090858e-07
 -2.51090727e-07  1.84874848e-07  1.71582466e-07 -1.58225241e-07
 -1.25920442e-07  6.98025307e-08 -5.70280320e-08 -3.85156392e-08
 -1.69013051e-08 -2.05556059e-09  2.92892928e-08  1.89966176e-08]
row=170:
[ 1.26037357e+01  4.78358003e+00  3.57287708e+00  1.44568975e+00
  3.44734527e-07  2.07493831e-07 -1.34764014e-07  1.11450857e-07
  7.96029131e-08 -7.51891034e-08 -5.49020677e-08  4.00542377e-08
 -3.36082794e-08  2.75466004e-08 -2.37048065e-08  1.97039982e-08
  1.18444116e-08 -7.39689859e-09 -1.09610496e-08  2.22457102e-10]
row=171:
[ 1.83522946e+01  7.26985746e+00  2.00790754e+00  1.26909733e+00
  9.77390636e-01  3.44875720e-07 -3.57369107e-07  1.69030379e-07
 -2.12801602e-07 -1.62949532e-07 -1.41029405e-07  1.13799227e-07
 -5.12094010e-08  4.99850172e-08  2.72291660e-08 -2.00846658e-08
  1.08836890e-08  3.16186650e-09  8.43064822e-10 -4.46325572e-10]
row=172:
[ 2.33149531e+01  4.58511210e+00  3.75483708e+00  3.06193913e+00
  1.88067149e+00  1.32290310e+00  8.42572121e-01  3.16088666e-07
 -2.79984063e-07  2.03648733e-07  1.50820157e-07 -2.10412456e-07
  6.87210214e-08 -1.34025290e-07 -1.14168838e-07 -9.05166558e-08
 -4.89770202e-08 -1.86050239e-08  1.45705250e-08  2.49946526e-08]
row=173:
[ 1.83950731e+01  3.66967186e+00  2.73084947e+00  3.00049911e+00
  1.14671652e+00  2.90298755e-07  2.04109612e-07 -2.28449381e-07
  1.51992284e-07 -1.51166505e-07 -1.28932740e-07  9.15218733e-08
  5.23214953e-08 -7.02487198e-08 -5.37671775e-08  2.22370051e-08
 -2.92748297e-08  6.31573278e-10 -1.07564769e-08 -6.09375097e-09]
row=174:
[ 1.56881861e+01  4.19894709e+00  3.86263211e+00  2.30556585e+00
  1.17770015e+00  3.32684044e-07 -3.37478097e-07 -1.96526027e-07
 -1.32940423e-07  1.43448604e-07  1.13750814e-07  7.88449963e-08
 -6.28403128e-08 -4.03721574e-08 -2.51448950e-08  2.60449623e-08
 -1.10098977e-08  1.35533241e-08 -2.47899796e-09  6.62383203e-09]
row=175:
[ 1.38227298e+01  3.93438523e+00  2.75918594e+00  9.39226548e-01
  2.52076436e-07  1.99288990e-07 -1.87836090e-07  1.10160255e-07
 -1.19380045e-07  8.26634464e-08 -9.38680684e-08 -8.79652138e-08
  5.93047521e-08 -5.93144624e-08 -4.89656319e-08  2.35078600e-08
  1.26123216e-08  5.86831163e-09  1.70902156e-09 -4.65418397e-09]
row=176:
[ 2.33319792e+01  5.16009243e+00  3.51105017e+00  2.67788078e+00
  2.11534159e+00  1.24743532e+00  6.99393139e-01  5.58240637e-01
 -3.02976572e-07 -2.14554808e-07  2.34604375e-07  1.89813773e-07
 -1.41843742e-07  1.29466410e-07  9.51536213e-08  4.63918142e-08
  3.33241787e-08 -4.32601914e-08 -2.34728446e-08 -2.49898678e-09]
row=177:
[ 3.37733372e+01  6.39308670e+00  5.22807494e+00  3.95002122e+00
  2.27148360e+00  2.01314974e+00  3.92327687e-01  1.04671357e+00
  1.25883563e+00  1.48621065e+00  7.60651508e-07 -4.20699094e-07
 -2.55670603e-07 -2.02852311e-07  1.91819920e-07  1.61555470e-07
  9.16101177e-08  1.24550716e-08 -9.13778510e-08 -4.28017956e-08]
row=178:
[ 1.45410449e+01  5.70263455e+00  3.75313013e+00  2.00077299e+00
  6.89524778e-01  1.90056205e-07  1.80131796e-07 -1.43263813e-07
 -7.94939914e-08  9.55589043e-08 -5.92781805e-08  7.17099422e-08
 -3.51437800e-08 -2.68729230e-08  5.25031485e-08 -1.17935816e-08
 -3.25491690e-09  5.15750829e-09  2.58968769e-08  3.87934133e-08]
row=179:
[ 1.90187840e+01  4.63488919e+00  1.00106196e+00  2.89787761e+00
  2.32289125e+00  2.21390870e+00  2.63744322e-07 -2.35004617e-07
  1.82150231e-07 -1.86404925e-07  1.35406067e-07  6.80947046e-08
 -8.41202777e-08 -7.52420621e-08  4.06964431e-08 -4.25545740e-08
  1.24755378e-08  5.81677593e-09 -1.72127892e-08 -1.04854264e-08]
row=180:
[ 1.64382102e+01  4.04413319e+00  3.44524217e+00  2.21396498e+00
  7.61011376e-01  2.24824784e-07  1.76035865e-07 -1.62839633e-07
 -1.36210554e-07  9.38848294e-08 -6.72933356e-08  7.21448216e-08
 -5.29953059e-08  4.45060547e-08 -2.40551240e-08 -2.13876680e-08
  2.49274988e-08  1.58014899e-08  1.02694271e-09 -2.32557707e-09]
row=181:
[ 1.78868310e+01  2.55652501e+00  1.66839046e+00  1.46493639e+00
  3.69602782e-07 -3.01429658e-07  1.60748245e-07 -1.84152165e-07
 -1.39079813e-07 -1.00026164e-07  6.39913159e-08 -5.98198554e-08
  3.45016184e-08 -2.93546906e-08 -1.87104528e-08  1.43301739e-08
  8.37036839e-09 -1.75657094e-09 -4.98623441e-09  0.00000000e+00]
row=182:
[ 2.29486785e+01  6.76831666e+00  2.85237284e+00  1.81789120e+00
  1.37891606e+00  1.05255985e+00  4.74510910e-07 -3.43458707e-07
 -1.75110773e-07 -1.52458239e-07  1.43071351e-07 -8.73374776e-08
  1.12234054e-07 -3.97389177e-08 -2.91108153e-08  8.53951583e-08
 -4.02194748e-09  1.19790074e-08  5.20138404e-08  5.51687689e-08]
row=183:
[ 1.92603744e+01  4.62866454e+00  3.50291480e+00  2.61585287e+00
  2.33265093e+00  1.45222365e+00  6.21942904e-01  3.26388124e-07
 -2.29100673e-07  1.66457565e-07  1.52242541e-07 -1.30527851e-07
 -9.56624218e-08  9.13954940e-08  6.24137724e-08  3.54516475e-08
 -2.57151326e-08 -1.25769956e-08 -6.10229606e-09  5.16629044e-10]
row=184:
[ 1.87766860e+01  4.30161295e+00  2.68119917e+00  1.95270981e+00
  8.01093212e-01  1.29539862e+00  3.58757880e-07 -2.69645272e-07
  2.55138677e-07 -2.23943660e-07 -1.67630702e-07  1.27749222e-07
  1.06307832e-07 -8.59086994e-08  5.54303749e-08  5.62268821e-08
 -5.84107003e-08 -3.44153749e-08 -2.87147877e-09 -1.57223154e-08]
row=185:
[ 2.11659980e+01  4.38594424e+00  3.56785708e+00  7.51490288e-01
  2.08861878e+00  2.31642210e+00 -5.56135620e-07  2.91565228e-07
 -1.87716148e-07  1.82812350e-07  8.96078495e-08  8.21169498e-08
 -1.00087999e-07 -8.81897630e-08  4.35214122e-08 -3.49900414e-08
 -2.02612346e-08  6.05956020e-09 -5.70539971e-09 -2.53737632e-10]
row=186:
[ 2.23019460e+01  5.95163924e+00  4.80614405e+00  4.17604685e+00
  2.43557871e+00  1.17843206e+00  7.86164811e-01  5.56109382e-01
 -2.68786851e-07 -2.21624301e-07  2.98842814e-07  2.41185453e-07
  2.00333473e-07 -1.52134424e-07  1.17644237e-07  8.15892008e-08
  4.81928422e-08 -7.69653045e-08 -9.05253091e-09 -4.25222055e-08]
row=187:
[ 2.43290741e+01  6.14351981e+00  4.16078107e+00  6.32941273e-01
  1.53147719e+00  2.65625112e+00  2.46916554e+00  2.20407573e+00
  2.89558510e-07 -2.82008965e-07 -2.45581056e-07  1.78079356e-07
  1.40225332e-07 -1.69300034e-07  6.57266896e-08  4.06302094e-08
  3.46952371e-09 -5.93657181e-08 -9.83922175e-08 -8.82332732e-08]
row=188:
[ 1.50450030e+01  3.82587279e+00  1.67008192e+00  1.78639715e+00
 -2.56814107e-07  1.89489979e-07 -1.18249795e-07  1.00100279e-07
  8.64993295e-08 -6.86863123e-08 -5.93962031e-08  5.08347520e-08
  3.86002107e-08 -3.70464340e-08  1.78862385e-08 -1.76998526e-08
 -1.56426601e-08  7.89249527e-09 -2.36970658e-09 -1.97000663e-10]
row=189:
[ 2.14113590e+01  2.66517795e+00  1.08427307e+00  1.70905948e+00
  1.97567130e+00  4.04281644e-07 -3.11198793e-07  2.90249095e-07
  1.77103586e-07 -1.55718131e-07 -8.90343709e-08  6.92672575e-08
 -5.88798766e-08  4.35786458e-08  2.45320922e-08 -2.93254372e-08
 -1.74663405e-08  9.03623362e-09 -5.28257468e-09  7.31087572e-10]
row=190:
[ 2.34303120e+01  5.54413791e+00  3.90648285e+00  2.76896657e+00
  2.03304329e+00  1.59630926e+00  6.99504651e-01 -3.63823448e-07
  3.12431936e-07 -2.31454768e-07  1.81510427e-07  1.31410164e-07
  1.15602485e-07  8.53913822e-08 -1.24336300e-07 -1.12270772e-07
 -7.47608033e-08 -3.03364191e-08 -5.81284139e-09  1.82618053e-08]
row=191:
[ 2.23589039e+01  5.69668451e+00  2.93329928e+00  2.09687672e+00
  1.57760131e+00  9.84746480e-01  3.70356285e-01  3.40241284e-07
 -2.72338048e-07 -1.82957373e-07  1.73891136e-07 -1.35143364e-07
 -7.16379772e-08  5.75911110e-08  5.49969976e-08  3.25492734e-08
 -3.86516514e-08 -1.78320294e-08 -1.52811800e-09 -7.04734632e-09]
row=192:
[ 2.01002372e+01  6.05803032e+00  5.59962544e+00  2.60026917e+00
  7.40416414e-01  2.00242508e+00  1.79710109e+00  1.42225099e+00
  3.49417503e-07 -2.23747847e-07  2.25175219e-07 -1.55738089e-07
  1.50149317e-07 -1.08395380e-07 -7.05000921e-08  8.83747738e-08
  6.98890748e-08 -1.14526474e-10 -9.52683577e-09  2.80069264e-08]
row=193:
[ 2.26405605e+01  7.01511923e+00  5.49119595e+00  3.95325938e+00
  3.26757301e+00  2.69238602e+00  2.01036727e+00  1.76979696e+00
  9.17904306e-01 -4.15294771e-07 -2.07399551e-07  2.77072548e-07
  2.47103934e-07  1.86730666e-07  7.04903102e-08 -9.54248170e-08
 -6.68228092e-08 -3.09365491e-08 -6.35811701e-09  1.94670859e-08]
row=194:
[ 2.90076237e+01  7.14024216e+00  5.66142432e+00  4.51027020e+00
  2.82044842e+00  1.98676046e+00  1.35660359e+00  9.92166771e-01
  5.40755262e-01  3.46282480e-01 -4.44611712e-07  3.88392654e-07
 -2.32568023e-07  1.93881077e-07  1.43602856e-07  4.44503904e-08
  2.61783638e-08 -5.29357441e-08 -2.94557804e-08 -3.71186207e-08]
row=195:
[ 2.98273367e+01  5.75634585e+00  4.58685069e+00  3.96426468e+00
  2.87006043e+00  2.19658580e+00  6.04759283e-01  1.60624841e+00
  1.28121802e+00  1.47412772e+00  4.77328861e-07 -4.53622635e-07
  2.74544511e-07 -2.03193088e-07  1.38277669e-07  9.72571998e-08
  3.49206399e-08 -1.00835798e-07 -2.86735568e-08 -6.54967754e-08]
row=196:
[ 3.31989644e+01  6.50415458e+00  6.13035765e+00  4.47132137e+00
  3.01051207e+00  1.94923183e+00  1.30098456e+00  1.13595968e+00
  6.93416179e-01  3.80270098e-01 -4.20237148e-07  3.23720133e-07
  2.30868290e-07  1.95007178e-07 -1.95365806e-07  7.24645173e-08
 -9.54465247e-08  6.37657937e-09 -1.35283902e-08 -6.15113631e-08]
row=197:
[ 2.43679240e+01  5.49774658e+00  4.33669326e+00  2.92923948e+00
  1.99573260e+00  1.62926091e+00  6.73168607e-01  5.42057400e-01
 -3.61376378e-07  2.29852974e-07 -1.96642601e-07  1.54153786e-07
  1.10434455e-07  9.97723361e-08 -1.34927339e-07  2.84749775e-08
 -7.20278801e-08 -3.71426745e-08 -1.42907257e-08 -2.33735272e-08]
row=198:
[ 2.86358059e+01  7.79959149e+00  5.12711038e+00  4.60983302e+00
  3.02018665e+00  2.76701109e+00  1.97827627e+00  1.88025245e+00
  3.99418845e-01  7.29604333e-01 -3.65457092e-07  2.20780850e-07
 -2.17830500e-07 -1.59254365e-07 -1.10286696e-07  1.23690506e-07
  9.25510794e-08 -1.46368910e-08  1.45993759e-08  3.97305756e-08]
row=199:
[ 1.75307655e+01  4.85778721e+00  3.36901630e+00  8.03312208e-01
  2.69160147e+00  3.02775509e-07 -2.17698940e-07 -1.77971182e-07
  1.48095354e-07 -1.13796005e-07  8.56214491e-08 -9.44614149e-08
  6.34317096e-08  3.97473849e-08 -6.97329653e-08 -4.73410018e-08
 -3.41153134e-08  7.23614456e-10 -7.82197494e-09 -5.28818504e-09]
row=200:
[ 2.26646963e+01  6.39550230e+00  3.92915070e+00  3.48472344e+00
  2.42135452e+00  1.82518393e+00  7.91702028e-01  1.26548838e+00
  3.96462969e-07  3.15893799e-07 -2.66487300e-07  1.78710910e-07
  1.15027158e-07 -1.51762077e-07 -1.30558226e-07  5.44320486e-08
  4.01171629e-09 -6.04768169e-09 -8.95804666e-08 -6.72089659e-08]
