row=1:
[19.20894354  6.24888144  2.80198532  0.57390817  1.09240087]
row=2:
[24.05895518  4.64627323  5.61980167  0.86605069  1.67976693]
row=3:
[13.63706681  3.63116215  0.03996481  1.14674326  0.63351972]
row=4:
[1.72375598e+01 7.42728775e-01 1.61618668e-01 2.88297876e-02
 2.81022356e-03]
row=5:
[25.84144977  7.06223465  0.70666738  2.50286287  3.12090046]
row=6:
[29.11123867  1.17401456  0.59069979  3.07123936  3.44490485]
row=7:
[1.37383890e+01 2.60098346e+00 1.28424864e-03 4.43246067e-01
 1.08773119e+00]
row=8:
[25.45414766  5.09954152  0.51983328  1.96973166  1.37379625]
row=9:
[25.23756821  7.52014297  1.09861087  1.24338862  2.71807959]
row=10:
[21.37797937  4.98441647  1.26233076  0.25047012  0.70160959]
row=11:
[ 1.23890266e+01  3.54719209e+00  9.78083910e-01  7.30931316e-02
 -7.17363535e-08]
row=12:
[28.71580104  3.12649328  2.36803386  0.11803083  0.43482351]
row=13:
[13.69372082  3.33147617  0.0997668   0.8881757   0.55813241]
row=14:
[26.61290814  5.43693336  0.21415377  1.3522965   1.63213848]
row=15:
[28.16844125  3.83564005  0.64106007  2.58804683  1.39596219]
row=16:
[28.12990436  5.73530549  0.1719386   1.58354941  2.35211957]
row=17:
[1.67331389e+01 1.75769269e+00 7.75464682e-01 1.25725611e-03
 1.03334972e-01]
row=18:
[26.85211351  0.50925566  1.90868948  3.66614659  3.1488277 ]
row=19:
[14.15418297  2.83553779  0.29024486  0.78485185  0.53468187]
row=20:
[18.4583647   1.57925825  1.35948432  0.34670502  0.05186109]
row=21:
[19.55739397  0.18576242  0.65029892  2.11036908  1.83168287]
row=22:
[15.03431965  1.84769964  0.05297355  0.54255501  0.37900559]
row=23:
[20.90183065  5.85813438  1.16810422  0.74552362  0.50343483]
row=24:
[36.39335152  3.59939971  1.5120273   0.52147319  0.38184649]
row=25:
[20.08921065  4.15276749  2.8409804   0.42714128  0.58145435]
row=26:
[20.9958063   4.38899817  2.19856788  0.12586122  0.51516265]
row=27:
[19.96930457  0.09043992  0.53063489  2.11863474  1.57419115]
row=28:
[21.43715391  4.91468702  1.72622821  0.43734984  0.76920035]
row=29:
[17.27644165  1.80688005  0.26217477  1.11953607  0.69066075]
row=30:
[1.88013488e+01 1.08375657e-03 8.01323534e-02 7.86297195e-01
 8.20670442e-01]
row=31:
[26.15320115  5.45620235  1.66772735  0.785483    0.39212189]
row=32:
[1.79234464e+01 1.62003604e-02 3.68660855e-01 1.58165824e+00
 2.01092028e+00]
row=33:
[29.21719449  3.90252571  2.51228916  1.11824315  0.90960786]
row=34:
[ 1.40029589e+01  1.68502905e+00  6.23059271e-01  1.14490596e-01
 -2.64267006e-08]
row=35:
[29.65443533  4.08425726  3.35450891  1.5523873   0.8898576 ]
row=36:
[ 1.00116002e+01  2.65476374e+00  6.68142402e-01 -6.52797190e-08
  7.38268205e-02]
row=37:
[24.21331965  3.92573471  2.13645512  0.35632736  0.07641321]
row=38:
[15.01308191  6.11915321  2.11119317  0.02827776  0.79932361]
row=39:
[26.32573655  0.22066433  1.27535936  2.67096106  2.26202013]
row=40:
[1.43327046e+01 2.79015961e+00 4.00130191e-01 5.41781790e-02
 9.74903884e-03]
row=41:
[20.65394811  4.76468899  1.77872829  0.65719302  0.5759514 ]
row=42:
[1.43507627e+01 3.61313136e+00 1.51750448e-03 6.07973193e-01
 1.25386302e+00]
row=43:
[14.25780439  1.93545285  0.94454563  0.06723832  0.19376931]
row=44:
[26.50284021  4.28438369  0.73761907  1.82946548  2.2343332 ]
row=45:
[31.30627481  5.15943711  3.44342748  1.09084082  0.25495552]
row=46:
[30.03795412  4.67384237  3.69562955  0.23765606  1.19279041]
row=47:
[25.70229336  0.5524742   1.40717326  1.76307282  2.51253022]
row=48:
[27.85603557  6.6665913   0.3111353   1.01027381  4.51956761]
row=49:
[21.43147582  7.53960344  2.27943273  0.66249497  0.39068204]
row=50:
[27.13811389  5.33326847  0.79692391  2.84776408  2.28997294]
row=51:
[28.43365771  0.47115656  1.88076987  5.65717251  6.42141486]
row=52:
[16.9734766   2.05556533  0.70660429  0.45134223  0.12819699]
row=53:
[1.33142572e+01 1.41932470e+00 3.52886061e-08 1.11366208e-01
 4.51941850e-01]
row=54:
[25.67540892  6.43936881  0.68973157  4.70137969  2.41744656]
row=55:
[1.45279733e+01 1.79966856e+00 4.79706704e-03 7.92952708e-01
 6.63720111e-01]
row=56:
[19.78525318  1.57126783  0.66493264  0.26373886  0.02042625]
row=57:
[24.867769    5.47313755  1.83788202  0.45778062  0.80558139]
row=58:
[19.63124055  4.01091053  1.26081702  0.46569398  0.22696879]
row=59:
[26.35033103  4.06162283  1.05641611  1.75256432  2.09924159]
row=60:
[18.99079277  3.3684647   1.94322572  0.95600836  0.32438085]
row=61:
[22.52720379  5.94497583  1.37374434  0.30997859  0.05561364]
row=62:
[24.36604622  7.33127443  0.62410859  1.74741352  2.1757313 ]
row=63:
[15.95524226  1.65349833  0.80486463  0.04777596  0.2923794 ]
row=64:
[28.93393707  4.60701512  0.53197175  1.62502214  2.48602318]
row=65:
[20.15364096  0.57829117  1.57286045  3.51707514  2.63660359]
row=66:
[18.92972999  5.71322822  1.95713175  0.08864509  0.20774098]
row=67:
[26.82028178  4.1091386   1.45899166  0.48362454  0.30923378]
row=68:
[24.74746404  1.50862462  0.95797283  0.32393828  0.09017453]
row=69:
[13.96547426  3.336571    2.18907625  0.09311555  0.06985466]
row=70:
[18.40426806  3.11752562  0.23946213  1.7372403   0.93402023]
row=71:
[27.82726438  5.79130503  1.14318069  0.15270485  0.49546359]
row=72:
[19.94885157  5.78703708  0.05373383  0.16166999  0.91151516]
row=73:
[23.47313161  0.16440267  5.58151295  3.97472613  2.42042198]
row=74:
[19.76005613  4.76448399  1.5532099   0.43529278  0.22029771]
row=75:
[28.02284855  0.37411343  2.54627715  5.03203865  4.99092592]
row=76:
[1.64708745e+01 1.65596501e+00 1.25323565e+00 2.35359968e-01
 8.15246405e-03]
row=77:
[28.45350209  8.08352104  1.17971056  1.40991297  2.57701717]
row=78:
[17.2237216   0.07698043  0.39989182  1.64710536  2.48699315]
row=79:
[25.98995107  5.94358512  3.57764902  1.51101013  1.79456997]
row=80:
[15.57618124  3.36090442  0.0466412   0.53689152  1.22898573]
row=81:
[ 1.32732379e+01  1.30382122e+00  7.68684544e-01  5.69952278e-02
 -4.24967720e-08]
row=82:
[15.64647328  4.22050591  2.34710074  0.05385825  0.71245523]
row=83:
[28.21934206  4.44173611  2.14487135  0.88362431  0.37918419]
row=84:
[20.95763878  5.20567109  1.98951986  0.69226737  0.91905494]
row=85:
[1.22798729e+01 3.92920494e+00 9.60430677e-01 1.73671812e-04
 1.85741576e-01]
row=86:
[26.3739842   5.52868072  0.09432104  1.48842171  0.85377709]
row=87:
[24.92164333  4.59574242  0.82776021  1.88224595  2.36141376]
row=88:
[24.83277531  8.08190831  1.16898656  0.57865073  0.35967582]
row=89:
[22.91380335  5.61634513  0.43157022  0.77315358  1.18614156]
row=90:
[32.68786549  8.42739704  4.50697983  0.33721912  1.01645873]
row=91:
[20.23264972  3.50201218  1.63552404  0.31045367  0.79282106]
row=92:
[22.20233378  7.85066658  2.56211939  0.66637829  0.03874865]
row=93:
[16.29304177  1.55957998  0.8582065   0.19429284  0.03264069]
row=94:
[2.00905185e+01 4.10180551e+00 1.49327099e-02 7.95440634e-01
 1.57713640e+00]
row=95:
[25.82861438  7.11328543  1.88521933  0.51588033  1.00643491]
row=96:
[22.39529145  4.23270256  0.1088682   1.13557207  0.88007316]
row=97:
[25.76648505  8.58190069  0.18238459  4.84152231  2.50934732]
row=98:
[ 1.49395384e+01  1.20856932e+00  7.18061885e-02 -1.69300724e-08
  1.77999306e-01]
row=99:
[29.76373282  4.8662872   1.21344445  1.69785395  2.16644859]
row=100:
[ 1.55610109e+01  7.54240908e-01  2.82649363e-01 -2.13689367e-08
  2.74715274e-02]
row=101:
[19.23421394  4.82682072  0.82335551  1.4871746   1.88345156]
row=102:
[1.46747725e+01 4.26340276e+00 6.01613979e-01 1.42714773e-07
 1.01476335e-01]
row=103:
[18.70620356  3.60916103  0.09804781  0.54329346  1.04851099]
row=104:
[2.14348930e+01 3.51829911e+00 1.75800142e-02 4.26783739e-01
 1.31659896e+00]
row=105:
[1.39974933e+01 3.50190760e+00 1.65782986e+00 2.75455316e-03
 1.21408012e-01]
row=106:
[18.18460152  3.06663199  1.19439454  0.37943998  0.11139396]
row=107:
[25.11385501  5.99868518  0.38011138  2.10565313  3.28395895]
row=108:
[21.2635567   3.90189241  1.91298318  0.34513369  0.60521948]
row=109:
[20.27196487  3.09821226  0.92511462  0.37741668  0.61796841]
row=110:
[23.69791626  5.38836567  0.36634406  2.63964434  1.69089703]
row=111:
[19.82515168  3.47801573  2.19507494  0.12127833  0.24415373]
row=112:
[20.18231109  4.37740389  1.82855923  0.34268903  0.16244601]
row=113:
[22.92043509  3.62034824  1.38607714  0.31630245  0.14851517]
row=114:
[13.32954258  2.27294226  0.02683941  0.29621349  1.26208135]
row=115:
[23.31499533  1.28557401  0.16471174  0.0342649   0.62226214]
row=116:
[28.18036531  4.7785216   2.25243047  1.69910704  0.69032079]
row=117:
[ 1.34672611e+01  1.41514849e+00  2.20041111e-01  7.08430990e-02
 -2.09034403e-08]
row=118:
[22.42273346  6.13152141  1.39292459  0.7536163   0.05280817]
row=119:
[26.30327572  0.74962898  1.61576141  3.48321714  4.2238916 ]
row=120:
[ 1.10613659e+01  1.87769928e+00  9.59383919e-01 -1.20825681e-07
  1.37646082e-01]
row=121:
[26.69703992  6.97197772  0.56556551  1.34076582  1.45753229]
row=122:
[28.8836811   0.37820079  1.8385308   3.13799896  3.33475902]
row=123:
[ 1.05911831e+01  1.20657954e+00  6.82170269e-01  1.61920431e-01
 -6.34971454e-09]
row=124:
[27.80779696  4.16856964  0.99617846  2.1765731   1.58589055]
row=125:
[1.03596634e+01 2.09978045e+00 4.49790907e-01 2.57639782e-08
 1.79276941e-01]
row=126:
[23.00298802  2.80479973  0.16292186  0.51494355  0.95524097]
row=127:
[1.21622419e+01 2.84765000e+00 3.64664880e-01 4.96661772e-02
 1.17491458e-07]
row=128:
[ 1.33644740e+01  1.22571000e+00  1.89025146e-01 -1.14441057e-07
  4.57192879e-02]
row=129:
[21.99991028  4.74015544  1.41478582  0.31444559  0.13047103]
row=130:
[23.74957001  4.48353216  1.95355551  0.41583136  0.74395151]
row=131:
[24.10077809  7.08917282  2.75459878  0.69925088  0.26644865]
row=132:
[20.3888686   4.41698028  0.09717886  1.10967622  1.44101686]
row=133:
[24.29357898  5.10317703  2.49608524  1.47885162  0.41240529]
row=134:
[20.64854684  4.7163034   0.7660159   0.38780978  0.07117319]
row=135:
[19.86713883  3.53411521  1.73927547  0.28587716  0.85242981]
row=136:
[25.23486268  5.43134582  2.62227124  1.08372428  0.87986641]
row=137:
[19.88563239  2.20875478  0.92319344  0.20505606  0.12683602]
row=138:
[22.27700566  3.92377972  0.08017254  1.13146629  0.74219548]
row=139:
[23.99303501  4.3278166   2.71270872  0.23141083  0.81508575]
row=140:
[30.29270748  4.64459557  0.83006564  1.40174503  2.21068064]
row=141:
[24.00346106  4.7566592   2.2855505   0.31927842  0.77202992]
row=142:
[24.41151247  5.50217222  0.06428002  1.03043368  0.89600243]
row=143:
[17.90997437  2.21090967  0.04100222  0.33434465  0.51589243]
row=144:
[18.3940648   2.15612026  0.56478015  0.14223706  0.28685509]
row=145:
[18.0381308   2.18673254  1.52738577  0.2490519   0.58176856]
row=146:
[16.62714602  2.60367437  1.80704897  0.11366059  0.35629555]
row=147:
[25.64685155  2.13902767  0.53656859  1.15487738  1.41481042]
row=148:
[19.70636123  1.88373623  0.06861628  0.38072453  0.63377657]
row=149:
[22.42330229  2.60212076  0.3355602   0.91386631  1.94831954]
row=150:
[30.20666996  3.17237049  2.0133111   0.38191969  0.54474307]
row=151:
[21.04845238  6.5112634   2.02646673  0.40003993  0.93742281]
row=152:
[1.76604019e+01 3.24513090e+00 1.32455860e-02 1.02982308e-01
 1.98337878e-01]
row=153:
[23.00855133  4.23470321  0.23985947  0.68562786  1.25612122]
row=154:
[28.91589631  7.71627079  2.40436806  0.734363    1.14901633]
row=155:
[25.8397276   4.54190476  0.37995815  1.75943245  0.84663185]
row=156:
[21.70476559  5.70532381  2.12243249  0.60585058  0.20393606]
row=157:
[1.53983278e+01 2.40039543e+00 7.92798925e-01 2.59345173e-04
 2.15549069e-02]
row=158:
[16.91600498  2.53730505  0.09836736  0.32424058  1.31079871]
row=159:
[26.35338516  5.4074616   0.46068822  1.14935676  2.80952962]
row=160:
[27.95013479  9.1773161   1.72452802  0.10005197  0.75158193]
row=161:
[22.24696939  5.16510525  1.47804182  0.80023267  0.46306965]
row=162:
[ 1.38690657e+01  1.18339882e+00  2.33123893e-01 -3.76276815e-08
  2.88624874e-02]
row=163:
[ 1.09176283e+01  3.43720131e+00  2.22087626e+00  1.99160267e-02
 -7.92780011e-08]
row=164:
[23.81944735  5.54775316  2.32043175  0.13075114  0.33380871]
row=165:
[19.16440922  4.44607859  0.23276491  2.2247295   1.31290696]
row=166:
[30.4580613   6.36323662  2.0055425   0.38152228  0.23782622]
row=167:
[28.47863891  5.22426314  2.42373855  0.56040915  0.82377135]
row=168:
[15.04783054  2.82877986  1.60920085  0.32226335  0.64564741]
row=169:
[19.33526853  5.80757863  1.28787566  0.49683667  0.42084301]
row=170:
[1.04847616e+01 2.84019357e+00 9.16635165e-01 7.49093859e-03
 4.89570498e-08]
row=171:
[1.61180022e+01 4.08130605e+00 5.14115498e-01 1.13715591e-01
 4.03254406e-03]
row=172:
[20.45827849  3.85899735  0.7985483   0.49588332  0.27823447]
row=173:
[16.62391917  3.42224651  1.06139031  0.06419632  0.2886438 ]
row=174:
[1.47194023e+01 2.26737838e+00 1.62470680e+00 4.70994718e-03
 3.11164779e-01]
row=175:
[ 1.16787477e+01  1.77682205e+00 -9.08101948e-08  3.06989892e-01
  6.54783382e-01]
row=176:
[21.97479743  3.67989201  1.19677675  0.72834028  0.19436774]
row=177:
[32.28025955  4.29766611  0.42327141  0.89583881  2.96932788]
row=178:
[1.35566164e+01 3.09097334e+00 1.07196820e-02 3.30234968e-01
 8.90800538e-01]
row=179:
[16.54309603  3.20116001  0.03778535  1.99593039  0.91130373]
row=180:
[1.43195476e+01 2.75410976e+00 1.04167256e+00 1.01673167e-03
 1.76714238e-01]
row=181:
[ 1.58906858e+01  5.78775586e-01  4.13809698e-01 -1.00037170e-07
  7.95447642e-03]
row=182:
[20.80188919  4.03613436  0.05177224  0.29508017  0.69234121]
row=183:
[17.4809736   3.21710485  2.01426371  0.73557026  1.21910266]
row=184:
[16.81259216  0.02882694  1.63808266  1.43102528  0.66240294]
row=185:
[18.02769169  2.90847514  0.47691256  0.16501139  0.02614392]
row=186:
[21.60087268  5.90294063  0.1170607   2.16065431  1.31595626]
row=187:
[22.01371683  5.45346123  0.14707329  0.80863433  2.57740972]
row=188:
[ 1.31700768e+01  2.12616101e+00  9.27129805e-01 -1.00330718e-07
  7.41575060e-02]
row=189:
[1.96970208e+01 2.34318898e-03 1.64348570e-01 9.32433948e-01
 6.08162683e-01]
row=190:
[22.01879453  2.42251998  1.93996218  0.1050798   0.20709712]
row=191:
[21.28820533  3.54331553  0.0467809   0.41799274  0.53852154]
row=192:
[18.98756627  5.5781429   0.18709184  2.31934909  1.78802311]
row=193:
[20.92747737  6.47501392  2.74430811  1.36135839  0.30157488]
row=194:
[26.75049067  7.39618074  2.43027829  0.79475733  0.34613674]
row=195:
[27.5954988   5.72090677  1.32510384  2.59235773  2.21456435]
row=196:
[31.26542171  0.87478838  1.38922946  2.53614503  3.27102908]
row=197:
[23.23708144  4.79758584  0.27173883  2.01491955  1.45890058]
row=198:
[26.04429486  4.40631347  2.80276821  1.10609369  1.94704332]
row=199:
[15.02217602  1.39869933  0.76573231  0.05608121  0.02068301]
row=200:
[19.45646136  5.81469959  2.68327878  0.26540933  0.41002183]
